,Date,Tm,Home_Away,Opp,R,RA,W-L,Rank,GB,D/N,Streak,Wins,Losses,DoubleHeader
1,20120405,4,0,29,1.0,2.0,0,1.0,0,0,0,0,0,0
2,20120407,4,0,29,4.0,7.0,0.0,5.0,1.0,0,-1,0,1,0
3,20120408,4,0,29,4.0,3.0,0.0,6.0,1.5,0,-2,0,2,0
4,20120409,4,0,15,5.0,7.0,0.5,5.0,1.5,1,1,1,2,0
5,20120410,4,0,15,4.0,7.0,0.3333333333333333,6.0,2.5,1,-1,1,3,0
6,20120411,4,0,15,1.0,2.0,0.25,6.0,3.5,0,-2,1,4,0
7,20120412,4,0,15,8.0,0.0,0.2,6.0,3.5,0,-3,1,5,0
8,20120413,4,1,25,9.0,5.0,0.4,6.0,3.0,0,1,2,5,0
9,20120414,4,1,25,1.0,5.0,0.6,4.0,2.0,0,2,3,5,0
10,20120415,4,1,25,3.0,10.0,0.5,4.0,3.0,0,-1,3,6,0
11,20120417,4,1,14,2.0,5.0,0.42857142857142855,6.0,4.0,1,-2,3,7,0
12,20120418,4,1,14,1.0,9.0,0.375,6.0,5.0,1,-3,3,8,0
13,20120419,4,1,14,3.0,5.0,0.3333333333333333,6.0,6.0,0,-4,3,9,0
14,20120420,4,0,6,4.0,9.0,0.3,6.0,6.0,0,-5,3,10,0
15,20120421,4,0,6,6.0,1.0,0.2727272727272727,6.0,7.0,0,-6,3,11,0
16,20120422,4,0,6,3.0,4.0,0.36363636363636365,6.0,6.0,0,1,4,11,0
17,20120423,4,0,25,3.0,2.0,0.3333333333333333,6.0,7.0,1,-1,4,12,0
18,20120424,4,0,25,3.0,2.0,0.4166666666666667,6.0,6.0,1,1,5,12,0
19,20120425,4,0,25,1.0,5.0,0.5,5.0,5.0,0,2,6,12,0
20,20120427,4,1,20,5.0,1.0,0.46153846153846156,6.0,6.0,1,-1,6,13,0
21,20120428,4,1,20,2.0,5.0,0.5384615384615384,6.0,6.0,1,1,7,13,0
22,20120429,4,1,20,5.0,1.0,0.5,6.0,7.0,0,-1,7,14,0
23,20120430,4,1,20,4.0,6.0,0.5714285714285714,5.0,6.0,1,1,8,14,0
24,20120502,4,1,6,3.0,1.0,0.5333333333333333,6.0,6.5,1,-1,8,15,0
25,20120503,4,1,6,3.0,4.0,0.6,6.0,7.0,0,1,9,15,0
26,20120504,4,0,13,5.0,4.0,0.5625,6.0,7.0,0,-1,9,16,0
27,20120505,4,0,13,1.0,5.0,0.625,6.0,6.0,0,1,10,16,0
28,20120506,4,0,13,4.0,3.0,0.5882352941176471,6.0,6.0,0,-1,10,17,0
29,20120507,4,0,1,5.0,1.0,0.6470588235294118,6.0,6.0,1,1,11,17,0
30,20120508,4,0,1,1.0,3.0,0.7058823529411765,5.0,6.0,1,2,12,17,0
31,20120509,4,0,1,1.0,0.0,0.6666666666666666,6.0,7.0,0,-1,12,18,0
32,20120511,4,1,15,7.0,8.0,0.7222222222222222,5.0,7.0,1,1,13,18,0
33,20120512,4,1,15,2.0,8.0,0.6842105263157895,6.0,7.0,0,-1,13,19,0
34,20120513,4,1,15,8.0,2.0,0.65,6.0,7.0,0,-2,13,20,0
35,20120514,4,1,25,6.0,4.0,0.7,6.0,6.0,1,1,14,20,0
36,20120515,4,1,25,6.0,7.0,0.75,4.0,5.0,0,2,15,20,0
37,20120516,4,0,20,2.0,9.0,0.7142857142857143,5.0,6.0,1,-1,15,21,0
38,20120517,4,0,20,7.0,8.0,0.6818181818181818,6.0,7.0,1,-2,15,22,0
39,20120518,4,0,5,2.0,3.0,0.6521739130434783,6.0,7.0,0,-3,15,23,0
40,20120519,4,0,5,4.0,7.0,0.625,6.0,7.0,1,-4,15,24,0
41,20120520,4,0,5,0.0,6.0,0.6,6.0,7.0,0,-5,15,25,0
42,20120521,4,1,10,4.0,8.0,0.5769230769230769,6.0,7.0,1,-6,15,26,0
43,20120522,4,1,10,1.0,2.0,0.5555555555555556,6.0,8.0,1,-7,15,27,0
44,20120523,4,1,10,1.0,5.0,0.5357142857142857,6.0,9.0,1,-8,15,28,0
45,20120525,4,1,21,0.0,1.0,0.5172413793103449,6.0,10.0,1,-9,15,29,0
46,20120526,4,1,21,2.0,3.0,0.5,6.0,10.0,1,-10,15,30,0
47,20120527,4,1,21,4.0,10.0,0.4838709677419355,6.0,11.0,0,-11,15,31,0
48,20120528,4,0,22,11.0,7.0,0.46875,6.0,12.0,0,-12,15,32,0
49,20120529,4,0,22,5.0,3.0,0.5,6.0,11.0,0,1,16,32,0
50,20120530,4,0,22,8.0,6.0,0.53125,6.0,11.0,0,2,17,32,0
51,20120601,4,1,24,3.0,4.0,0.5625,6.0,10.0,1,3,18,32,0
52,20120602,4,1,24,1.0,2.0,0.5454545454545454,6.0,11.0,0,-1,18,33,0
53,20120603,4,1,24,0.0,2.0,0.5294117647058824,6.0,12.0,0,-2,18,34,0
54,20120604,4,1,24,2.0,3.0,0.5142857142857142,6.0,12.0,0,-3,18,35,0
55,20120605,4,1,15,10.0,0.0,0.5,6.0,12.5,1,-4,18,36,0
56,20120606,4,1,15,0.0,8.0,0.5277777777777778,6.0,11.5,1,1,19,36,0
57,20120607,4,1,15,3.0,4.0,0.5135135135135135,6.0,12.5,0,-1,19,37,0
58,20120608,4,1,16,7.0,8.0,0.5,6.0,12.5,1,-2,19,38,0
59,20120609,4,1,16,3.0,11.0,0.48717948717948717,6.0,13.5,0,-3,19,39,0
60,20120610,4,1,16,8.0,2.0,0.475,6.0,13.5,0,-4,19,40,0
61,20120612,4,0,9,4.0,3.0,0.5,6.0,12.5,1,1,20,40,0
62,20120613,4,0,9,4.0,8.0,0.525,6.0,12.5,1,2,21,40,0
63,20120614,4,0,9,3.0,5.0,0.5121951219512195,6.0,13.5,0,-1,21,41,0
64,20120615,4,0,3,3.0,0.0,0.5,6.0,14.5,0,-2,21,42,0
65,20120616,4,0,3,3.0,4.0,0.5238095238095238,6.0,14.5,1,1,22,42,0
66,20120617,4,0,3,4.0,7.0,0.5116279069767442,6.0,15.5,1,-1,22,43,0
67,20120618,4,1,5,12.0,3.0,0.5,6.0,16.5,1,-2,22,44,0
68,20120619,4,1,5,2.0,1.0,0.5227272727272727,6.0,15.5,1,1,23,44,0
69,20120620,4,1,5,0.0,7.0,0.5454545454545454,6.0,14.5,1,2,24,44,0
70,20120622,4,1,0,1.0,6.0,0.5333333333333333,6.0,14.5,1,-1,24,45,0
71,20120623,4,1,0,5.0,10.0,0.5217391304347826,6.0,14.5,1,-2,24,46,0
72,20120624,4,1,0,1.0,5.0,0.5106382978723404,6.0,15.5,0,-3,24,47,0
73,20120625,4,0,17,6.0,1.0,0.5,6.0,15.5,1,-4,24,48,0
74,20120626,4,0,17,5.0,3.0,0.5208333333333334,6.0,15.5,1,1,25,48,0
75,20120627,4,0,17,1.0,17.0,0.5416666666666666,6.0,15.5,0,2,26,48,0
76,20120629,4,0,10,4.0,0.0,0.5306122448979592,6.0,15.5,0,-1,26,49,0
77,20120630,4,0,10,3.0,2.0,0.5510204081632653,6.0,15.0,0,1,27,49,0
78,20120701,4,0,10,3.0,0.0,0.5714285714285714,6.0,15.0,0,2,28,49,0
79,20120702,4,1,1,4.0,1.0,0.5918367346938775,6.0,14.0,1,3,29,49,0
80,20120703,4,1,1,3.0,10.0,0.6122448979591837,6.0,14.0,1,4,30,49,0
81,20120704,4,1,1,5.0,1.0,0.6,6.0,14.0,1,-1,30,50,0
82,20120705,4,1,1,3.0,7.0,0.62,6.0,14.0,1,1,31,50,0
83,20120706,4,1,17,8.0,7.0,0.6078431372549019,6.0,15.0,1,-1,31,51,0
84,20120707,4,1,17,1.0,3.0,0.6274509803921569,5.0,14.0,0,1,32,51,0
85,20120708,4,1,17,7.0,0.0,0.6153846153846154,6.0,15.0,0,-1,32,52,0
86,20120713,4,0,0,8.0,1.0,0.6346153846153846,5.0,15.0,1,1,33,52,0
87,20120714,4,0,0,4.0,1.0,0.6538461538461539,5.0,14.0,0,2,34,52,0
88,20120715,4,0,0,3.0,1.0,0.6730769230769231,5.0,14.0,0,3,35,52,0
89,20120717,4,0,14,5.0,9.0,0.6923076923076923,5.0,14.0,1,4,36,52,0
90,20120718,4,0,14,5.0,1.0,0.6792452830188679,5.0,14.5,1,-1,36,53,0
91,20120719,4,0,14,4.0,2.0,0.6981132075471698,5.0,13.5,0,1,37,53,0
92,20120720,4,1,25,1.0,4.0,0.7169811320754716,5.0,13.5,1,2,38,53,0
93,20120721,4,1,25,0.0,12.0,0.7037037037037037,5.0,14.5,1,-1,38,54,0
94,20120722,4,1,25,0.0,7.0,0.6909090909090909,5.0,15.5,0,-2,38,55,0
95,20120723,4,1,21,2.0,0.0,0.6785714285714286,5.0,16.5,1,-3,38,56,0
96,20120724,4,1,21,5.0,1.0,0.6964285714285714,5.0,16.5,1,1,39,56,0
97,20120725,4,1,21,2.0,3.0,0.7142857142857143,5.0,16.5,0,2,40,56,0
98,20120727,4,0,25,6.0,9.0,0.7017543859649122,5.0,17.5,0,-1,40,57,0
99,20120728,4,0,25,3.0,2.0,0.6896551724137931,5.0,18.5,0,-2,40,58,0
100,20120729,4,0,25,4.0,2.0,0.7068965517241379,5.0,18.5,0,1,41,58,0
101,20120730,4,0,21,14.0,4.0,0.7241379310344828,5.0,18.5,1,2,42,58,0
102,20120731,4,0,21,0.0,5.0,0.7413793103448276,5.0,17.5,1,3,43,58,0
103,20120801,4,0,21,4.0,8.0,0.7288135593220338,5.0,18.5,0,-1,43,59,0
104,20120803,4,1,13,1.0,6.0,0.7166666666666667,5.0,19.5,1,-2,43,60,0
105,20120804,4,1,13,1.0,3.0,0.7049180327868853,5.0,21.0,1,-3,43,61,0
106,20120805,4,1,13,6.0,7.0,0.6935483870967742,5.0,22.0,0,-4,43,62,0
107,20120806,4,1,22,0.0,2.0,0.6825396825396826,5.0,22.0,1,-5,43,63,0
108,20120807,4,1,22,4.0,7.0,0.671875,5.0,22.0,1,-6,43,64,0
109,20120808,4,1,22,0.0,2.0,0.6615384615384615,5.0,22.0,0,-7,43,65,0
110,20120809,4,0,6,5.0,3.0,0.6515151515151515,5.0,22.0,1,-8,43,66,0
111,20120810,4,0,6,8.0,10.0,0.6666666666666666,5.0,21.0,0,1,44,66,0
112,20120811,4,0,6,2.0,4.0,0.6567164179104478,5.0,22.0,0,-1,44,67,0
113,20120812,4,0,6,0.0,3.0,0.6470588235294118,5.0,23.0,0,-2,44,68,0
114,20120813,4,0,10,7.0,1.0,0.6376811594202898,5.0,24.0,1,-3,44,69,0
115,20120814,4,0,10,1.0,10.0,0.6521739130434783,5.0,23.5,1,1,45,69,0
116,20120815,4,0,10,7.0,2.0,0.6428571428571429,5.0,24.5,0,-1,45,70,0
117,20120817,4,1,6,3.0,7.0,0.6571428571428571,5.0,24.5,1,1,46,70,0
118,20120818,4,1,6,3.0,5.0,0.647887323943662,5.0,25.0,0,-1,46,71,1
119,20120818,4,1,6,9.0,7.0,0.6388888888888888,5.0,25.0,1,-2,46,72,1
120,20120819,4,1,6,4.0,5.0,0.6527777777777778,5.0,25.0,0,1,47,72,0
121,20120820,4,1,15,5.0,9.0,0.6438356164383562,5.0,26.0,1,-1,47,73,0
122,20120821,4,1,15,2.0,5.0,0.6351351351351351,5.0,26.0,1,-2,47,74,0
123,20120822,4,1,15,2.0,3.0,0.6266666666666667,5.0,27.0,0,-3,47,75,0
124,20120824,4,0,8,5.0,3.0,0.618421052631579,5.0,28.0,0,-4,47,76,0
125,20120825,4,0,8,3.0,4.0,0.631578947368421,5.0,26.5,0,1,48,76,0
126,20120826,4,0,8,5.0,0.0,0.6233766233766234,5.0,27.5,0,-1,48,77,0
127,20120827,4,0,15,4.0,15.0,0.6363636363636364,5.0,26.5,1,1,49,77,0
128,20120828,4,0,15,1.0,4.0,0.6282051282051282,5.0,27.5,1,-1,49,78,0
129,20120829,4,0,15,1.0,3.0,0.620253164556962,5.0,28.5,1,-2,49,79,0
130,20120830,4,0,15,12.0,11.0,0.6125,5.0,29.5,0,-3,49,80,0
131,20120831,4,0,24,6.0,4.0,0.625,5.0,29.0,0,1,50,80,0
132,20120901,4,0,24,2.0,5.0,0.6375,5.0,29.0,0,2,51,80,0
133,20120902,4,0,24,5.0,7.0,0.6296296296296297,5.0,29.0,0,-1,51,81,0
134,20120903,4,1,29,1.0,2.0,0.6219512195121951,5.0,30.0,0,-2,51,82,0
135,20120904,4,1,29,5.0,11.0,0.6144578313253012,5.0,30.0,1,-3,51,83,0
136,20120905,4,1,29,1.0,9.0,0.6071428571428571,5.0,31.0,1,-4,51,84,0
137,20120906,4,1,29,2.0,9.0,0.6,5.0,31.0,1,-5,51,85,0
138,20120907,4,1,21,12.0,2.0,0.5930232558139535,5.0,31.5,1,-6,51,86,0
139,20120908,4,1,21,4.0,3.0,0.6046511627906976,5.0,30.5,1,1,52,86,0
140,20120909,4,1,21,4.0,2.0,0.6162790697674418,5.0,30.5,0,2,53,86,0
141,20120910,4,1,10,4.0,1.0,0.627906976744186,5.0,29.5,1,3,54,86,0
142,20120911,4,1,10,0.0,1.0,0.6395348837209303,5.0,29.5,1,4,55,86,0
143,20120912,4,1,10,5.0,1.0,0.632183908045977,5.0,30.5,1,-1,55,87,0
144,20120914,4,0,21,7.0,4.0,0.6436781609195402,5.0,30.5,0,1,56,87,0
145,20120915,4,0,21,6.0,7.0,0.6551724137931034,5.0,29.5,0,2,57,87,0
146,20120916,4,0,21,13.0,9.0,0.6477272727272727,5.0,29.5,0,-1,57,88,0
147,20120917,4,0,21,0.0,3.0,0.6590909090909091,5.0,29.5,1,1,58,88,0
148,20120918,4,0,6,1.0,3.0,0.651685393258427,5.0,30.0,1,-1,58,89,0
149,20120919,4,0,6,5.0,6.0,0.6444444444444445,5.0,31.0,1,-2,58,90,0
150,20120920,4,0,6,3.0,5.0,0.6373626373626373,5.0,32.0,0,-3,58,91,0
151,20120921,4,0,25,5.0,4.0,0.6304347826086957,5.0,33.0,0,-4,58,92,0
152,20120922,4,0,25,4.0,5.0,0.6413043478260869,5.0,32.0,0,1,59,92,0
153,20120923,4,0,25,3.0,6.0,0.6344086021505376,5.0,33.0,0,-1,59,93,0
154,20120925,4,1,8,5.0,10.0,0.6276595744680851,5.0,33.0,1,-2,59,94,0
155,20120926,4,1,8,0.0,6.0,0.6210526315789474,5.0,34.0,1,-3,59,95,0
156,20120927,4,1,8,5.0,7.0,0.6145833333333334,5.0,34.0,0,-4,59,96,0
157,20120928,4,1,0,3.0,8.0,0.6082474226804123,5.0,35.0,1,-5,59,97,0
158,20120929,4,1,0,2.0,8.0,0.6020408163265306,5.0,36.0,1,-6,59,98,0
159,20120930,4,1,0,7.0,2.0,0.5959595959595959,5.0,36.0,0,-7,59,99,0
160,20121001,4,0,10,0.0,3.0,0.6060606060606061,5.0,36.0,1,1,60,99,0
161,20121002,4,0,10,0.0,3.0,0.6,5.0,36.0,1,-1,60,100,0
162,20121003,4,0,10,5.0,4.0,0.594059405940594,5.0,37.0,0,-2,60,101,0
1,20130401,4,1,21,3.0,1.0,0,1.0,0,0,0,0,0,0
2,20130403,4,1,21,0.0,3.0,1.0,1.0,0,1,1,1,0,0
3,20130404,4,1,21,3.0,2.0,1.0,1.0,0,0,-1,1,1,0
4,20130405,4,1,1,1.0,4.0,2.0,1.0,0,1,1,2,1,0
5,20130406,4,1,1,5.0,6.0,1.0,2.0,1.0,1,-1,2,2,0
6,20130407,4,1,1,1.0,5.0,0.6666666666666666,2.0,1.0,0,-2,2,3,0
7,20130408,4,0,15,4.0,7.0,0.5,3.0,2.0,0,-3,2,4,0
8,20130409,4,0,15,6.0,3.0,0.4,3.0,3.0,1,-4,2,5,0
9,20130411,4,0,24,6.0,7.0,0.6,3.0,2.0,0,1,3,5,0
10,20130412,4,0,24,4.0,3.0,0.5,3.0,2.0,0,-1,3,6,0
11,20130413,4,0,24,2.0,3.0,0.6666666666666666,3.0,2.0,0,1,4,6,0
12,20130414,4,0,24,7.0,10.0,0.5714285714285714,4.0,3.0,0,-1,4,7,0
13,20130416,4,0,27,2.0,4.0,0.5,4.0,3.0,1,-2,4,8,0
14,20130418,4,0,27,6.0,2.0,0.4444444444444444,5.0,4.0,0,-3,4,9,0
15,20130419,4,1,15,4.0,5.0,0.5555555555555556,5.0,3.5,1,1,5,9,0
16,20130420,4,1,15,1.0,5.0,0.5,5.0,3.5,1,-1,5,10,0
17,20130421,4,1,15,2.0,4.0,0.45454545454545453,5.0,4.5,0,-2,5,11,0
18,20130422,4,1,6,4.0,5.0,0.4166666666666667,5.0,5.0,1,-3,5,12,0
19,20130423,4,1,6,4.0,2.0,0.38461538461538464,5.0,6.0,1,-4,5,13,0
20,20130424,4,1,6,0.0,1.0,0.46153846153846156,5.0,5.5,0,1,6,13,0
21,20130425,4,1,14,4.0,3.0,0.42857142857142855,5.0,6.5,1,-1,6,14,0
22,20130426,4,1,14,4.0,2.0,0.5,5.0,6.0,1,1,7,14,0
23,20130427,4,1,14,3.0,2.0,0.5714285714285714,5.0,6.0,1,2,8,14,0
24,20130428,4,1,14,4.0,6.0,0.6428571428571429,5.0,5.0,0,3,9,14,0
25,20130429,4,0,22,5.0,3.0,0.6,5.0,5.5,1,-1,9,15,0
26,20130430,4,0,22,7.0,13.0,0.6666666666666666,5.0,4.5,1,1,10,15,0
27,20130501,4,0,22,6.0,2.0,0.625,5.0,5.0,1,-1,10,16,0
28,20130502,4,0,22,2.0,4.0,0.6875,5.0,5.0,0,1,11,16,0
29,20130503,4,0,6,5.0,6.0,0.6470588235294118,5.0,6.0,0,-1,11,17,0
30,20130504,4,0,6,4.0,6.0,0.6111111111111112,5.0,7.0,0,-2,11,18,0
31,20130505,4,0,6,4.0,7.0,0.5789473684210527,5.0,8.0,0,-3,11,19,0
32,20130506,4,0,27,9.0,2.0,0.55,5.0,9.0,1,-4,11,20,0
33,20130507,4,0,25,2.0,1.0,0.6,5.0,8.5,1,1,12,20,0
34,20130508,4,0,25,4.0,5.0,0.65,5.0,7.5,0,2,13,20,0
35,20130510,4,1,29,3.0,7.0,0.6190476190476191,5.0,8.5,1,-1,13,21,0
36,20130511,4,1,29,8.0,2.0,0.5909090909090909,5.0,9.5,0,-2,13,22,0
37,20130512,4,1,29,2.0,1.0,0.6363636363636364,5.0,9.5,0,1,14,22,0
38,20130513,4,0,8,9.0,1.0,0.6818181818181818,5.0,8.5,1,2,15,22,0
39,20130514,4,0,8,4.0,9.0,0.7272727272727273,5.0,8.5,1,3,16,22,0
40,20130515,4,0,8,6.0,3.0,0.6956521739130435,5.0,9.5,1,-1,16,23,0
41,20130517,4,0,17,2.0,3.0,0.7391304347826086,4.0,9.5,0,1,17,23,0
42,20130518,4,0,17,8.0,2.0,0.7083333333333334,4.0,10.0,0,-1,17,24,0
43,20130519,4,0,17,3.0,4.0,0.75,4.0,9.0,0,1,18,24,0
44,20130521,4,1,21,4.0,5.0,0.72,4.0,10.0,1,-1,18,25,0
45,20130522,4,1,21,0.0,1.0,0.6923076923076923,4.0,10.5,1,-2,18,26,0
46,20130523,4,1,21,2.0,4.0,0.6666666666666666,4.0,11.5,0,-3,18,27,0
47,20130524,4,1,6,4.0,7.0,0.6428571428571429,5.0,12.0,1,-4,18,28,0
48,20130525,4,1,6,2.0,5.0,0.6206896551724138,5.0,13.0,0,-5,18,29,0
49,20130526,4,1,6,5.0,4.0,0.6,5.0,13.0,0,-6,18,30,0
50,20130527,4,1,5,7.0,0.0,0.6333333333333333,5.0,13.0,1,1,19,30,0
51,20130529,4,0,5,9.0,3.0,0.6666666666666666,4.0,13.0,0,2,20,30,0
52,20130530,4,0,5,8.0,3.0,0.7,4.0,13.5,0,3,21,30,0
53,20130531,4,0,0,7.0,2.0,0.7333333333333333,4.0,12.5,0,4,22,30,0
54,20130601,4,0,0,4.0,12.0,0.7666666666666667,4.0,12.0,1,5,23,30,0
55,20130602,4,0,0,4.0,8.0,0.7419354838709677,4.0,13.5,0,-1,23,31,0
56,20130604,4,1,12,3.0,4.0,0.71875,4.0,13.5,1,-2,23,32,0
57,20130605,4,1,12,8.0,6.0,0.696969696969697,4.0,14.0,0,-3,23,33,0
58,20130607,4,0,21,0.0,2.0,0.7272727272727273,4.0,13.0,0,1,24,33,0
59,20130608,4,0,21,2.0,6.0,0.7058823529411765,4.0,14.5,0,-1,24,34,0
60,20130609,4,0,21,4.0,1.0,0.6857142857142857,4.0,14.5,0,-2,24,35,0
61,20130610,4,0,6,2.0,6.0,0.7142857142857143,4.0,14.5,1,1,25,35,0
62,20130611,4,0,6,2.0,12.0,0.6944444444444444,4.0,15.0,1,-1,25,36,0
63,20130612,4,0,6,1.0,2.0,0.6756756756756757,4.0,16.0,0,-2,25,37,0
64,20130613,4,0,6,6.0,5.0,0.6578947368421053,5.0,16.0,0,-3,25,38,0
65,20130614,4,1,17,6.0,3.0,0.6842105263157895,5.0,16.0,1,1,26,38,0
66,20130615,4,1,17,5.0,2.0,0.7105263157894737,4.0,15.0,0,2,27,38,0
67,20130616,4,1,17,3.0,4.0,0.7368421052631579,4.0,15.0,0,3,28,38,0
68,20130617,4,1,25,2.0,5.0,0.717948717948718,4.0,15.0,1,-1,28,39,0
69,20130618,4,1,25,4.0,2.0,0.7,4.0,16.0,1,-2,28,40,0
70,20130619,4,1,25,1.0,4.0,0.725,4.0,15.0,1,1,29,40,0
71,20130620,4,1,25,1.0,6.0,0.7073170731707317,4.0,16.0,1,-1,29,41,0
72,20130621,4,0,10,3.0,1.0,0.6904761904761905,4.0,17.0,0,-2,29,42,0
73,20130622,4,0,10,3.0,4.0,0.7142857142857143,4.0,16.0,0,1,30,42,0
74,20130623,4,0,10,14.0,6.0,0.6976744186046512,5.0,16.0,0,-1,30,43,0
75,20130625,4,1,15,3.0,9.0,0.7209302325581395,4.0,15.0,1,1,31,43,0
76,20130626,4,1,15,5.0,4.0,0.7045454545454546,5.0,16.0,1,-1,31,44,0
77,20130627,4,1,15,7.0,2.0,0.7272727272727273,4.0,15.0,0,1,32,44,0
78,20130628,4,1,23,4.0,5.0,0.75,4.0,14.5,1,2,33,44,0
79,20130629,4,1,23,5.0,3.0,0.7333333333333333,4.0,15.5,0,-1,33,45,0
80,20130630,4,1,23,7.0,6.0,0.7555555555555555,4.0,15.5,0,1,34,45,0
81,20130702,4,1,19,7.0,8.0,0.7777777777777778,4.0,15.5,1,2,35,45,0
82,20130703,4,1,19,3.0,1.0,0.7608695652173914,4.0,15.5,1,-1,35,46,0
83,20130704,4,1,19,0.0,1.0,0.782608695652174,4.0,15.5,0,1,36,46,0
84,20130705,4,0,21,2.0,6.0,0.7659574468085106,4.0,15.5,0,-1,36,47,0
85,20130706,4,0,21,4.0,1.0,0.75,4.0,16.5,0,-2,36,48,0
86,20130707,4,0,21,4.0,3.0,0.7708333333333334,4.0,15.5,0,1,37,48,0
87,20130708,4,1,5,8.0,2.0,0.7916666666666666,4.0,14.5,1,2,38,48,0
88,20130709,4,0,12,7.0,2.0,0.8125,4.0,14.0,1,3,39,48,0
89,20130710,4,0,12,2.0,13.0,0.8333333333333334,4.0,14.0,1,4,40,48,0
90,20130711,4,0,25,3.0,0.0,0.8163265306122449,4.0,15.0,1,-1,40,49,0
91,20130712,4,0,25,2.0,3.0,0.8367346938775511,4.0,14.0,0,1,41,49,0
92,20130713,4,0,25,6.0,4.0,0.82,4.0,15.0,1,-1,41,50,0
93,20130714,4,0,25,6.0,10.0,0.84,4.0,14.0,1,1,42,50,0
94,20130719,4,1,8,3.0,1.0,0.8235294117647058,4.0,15.0,1,-1,42,51,0
95,20130720,4,1,8,3.0,9.0,0.8431372549019608,4.0,15.0,1,1,43,51,0
96,20130721,4,1,8,3.0,4.0,0.8269230769230769,4.0,15.0,0,-1,43,52,0
97,20130722,4,1,0,4.0,2.0,0.8113207547169812,4.0,16.0,1,-2,43,53,0
98,20130723,4,1,0,4.0,10.0,0.8301886792452831,4.0,15.5,1,1,44,53,0
99,20130724,4,1,0,7.0,6.0,0.8148148148148148,4.0,16.5,1,-1,44,54,0
100,20130725,4,1,0,1.0,3.0,0.8333333333333334,4.0,16.5,1,1,45,54,0
101,20130726,4,1,24,3.0,2.0,0.8181818181818182,4.0,17.5,1,-1,45,55,0
102,20130727,4,1,24,1.0,0.0,0.8363636363636363,4.0,16.5,1,1,46,55,0
103,20130728,4,1,24,2.0,1.0,0.8545454545454545,4.0,15.5,0,2,47,55,0
104,20130729,4,0,15,0.0,5.0,0.8727272727272727,4.0,14.5,1,3,48,55,0
105,20130730,4,0,15,5.0,6.0,0.8571428571428571,4.0,14.5,0,-1,48,56,1
106,20130730,4,0,15,2.0,3.0,0.8421052631578947,4.0,16.0,1,-2,48,57,1
107,20130731,4,0,15,6.0,1.0,0.8275862068965517,4.0,16.0,1,-3,48,58,0
108,20130801,4,0,13,4.0,6.0,0.8448275862068966,4.0,16.0,1,1,49,58,0
109,20130802,4,0,13,2.0,6.0,0.8305084745762712,4.0,16.0,0,-1,49,59,0
110,20130803,4,0,13,0.0,3.0,0.8166666666666667,4.0,16.0,0,-2,49,60,0
111,20130804,4,0,13,0.0,1.0,0.8032786885245902,4.0,17.0,0,-3,49,61,0
112,20130806,4,1,20,8.0,9.0,0.7903225806451613,4.0,18.0,1,-4,49,62,0
113,20130807,4,1,20,5.0,2.0,0.7777777777777778,4.0,19.0,1,-5,49,63,0
114,20130808,4,1,20,1.0,12.0,0.7936507936507936,4.0,19.0,0,1,50,63,0
115,20130809,4,1,25,3.0,0.0,0.78125,4.0,20.0,1,-1,50,64,0
116,20130810,4,1,25,6.0,5.0,0.796875,4.0,19.0,1,1,51,64,0
117,20130811,4,1,25,4.0,8.0,0.8125,4.0,18.0,0,2,52,64,0
118,20130812,4,0,6,0.0,2.0,0.8,4.0,18.0,1,-1,52,65,0
119,20130813,4,0,6,4.0,6.0,0.7878787878787878,4.0,18.5,1,-2,52,66,0
120,20130814,4,0,6,0.0,5.0,0.7761194029850746,4.0,18.5,0,-3,52,67,0
121,20130816,4,0,25,7.0,0.0,0.7647058823529411,4.0,19.5,0,-4,52,68,0
122,20130817,4,0,25,0.0,4.0,0.7794117647058824,4.0,19.0,0,1,53,68,0
123,20130818,4,0,25,1.0,6.0,0.7681159420289855,5.0,19.0,0,-1,53,69,0
124,20130819,4,0,29,11.0,1.0,0.7571428571428571,5.0,19.0,1,-2,53,70,0
125,20130820,4,0,29,2.0,4.0,0.7714285714285715,4.0,19.0,1,1,54,70,0
126,20130821,4,0,29,6.0,11.0,0.7605633802816901,5.0,20.0,1,-1,54,71,0
127,20130822,4,0,29,4.0,5.0,0.75,5.0,20.0,0,-2,54,72,0
128,20130823,4,1,22,6.0,8.0,0.7397260273972602,5.0,21.0,1,-3,54,73,0
129,20130824,4,1,22,3.0,2.0,0.7297297297297297,5.0,22.0,1,-4,54,74,0
130,20130825,4,1,22,2.0,3.0,0.7432432432432432,5.0,21.0,0,1,55,74,0
131,20130826,4,1,13,2.0,6.0,0.7333333333333333,5.0,21.0,1,-1,55,75,0
132,20130827,4,1,13,3.0,2.0,0.7236842105263158,5.0,22.0,1,-2,55,76,0
133,20130828,4,1,13,0.0,4.0,0.7368421052631579,5.0,22.0,0,1,56,76,0
134,20130830,4,0,20,5.0,6.0,0.7272727272727273,5.0,22.0,0,-1,56,77,0
135,20130831,4,0,20,4.0,3.0,0.717948717948718,5.0,22.0,0,-2,56,78,0
136,20130901,4,0,20,7.0,1.0,0.7307692307692307,5.0,22.0,0,1,57,78,0
137,20130902,4,0,14,3.0,4.0,0.7435897435897436,5.0,21.0,0,2,58,78,0
138,20130903,4,0,14,2.0,6.0,0.7341772151898734,5.0,22.0,1,-1,58,79,0
139,20130904,4,0,14,9.0,7.0,0.725,5.0,23.0,0,-2,58,80,0
140,20130906,4,0,15,8.0,5.0,0.7375,5.0,22.0,0,1,59,80,0
141,20130907,4,0,15,3.0,5.0,0.75,4.0,21.0,0,2,60,80,0
142,20130908,4,0,15,1.0,3.0,0.7407407407407407,5.0,21.5,0,-1,60,81,0
143,20130909,4,1,6,2.0,0.0,0.7317073170731707,5.0,22.5,1,-2,60,82,0
144,20130910,4,1,6,9.0,1.0,0.7439024390243902,5.0,22.0,1,1,61,82,0
145,20130911,4,1,6,0.0,6.0,0.7560975609756098,5.0,22.0,0,2,62,82,0
146,20130912,4,1,21,1.0,3.0,0.7469879518072289,5.0,23.0,1,-1,62,83,0
147,20130913,4,1,21,5.0,4.0,0.7380952380952381,5.0,23.0,1,-2,62,84,0
148,20130914,4,1,21,1.0,2.0,0.75,5.0,23.0,1,1,63,84,0
149,20130915,4,1,21,2.0,3.0,0.7411764705882353,5.0,23.0,0,-1,63,85,0
150,20130916,4,1,15,1.0,6.0,0.7325581395348837,5.0,24.0,1,-2,63,86,0
151,20130917,4,1,15,3.0,4.0,0.7241379310344828,5.0,24.0,1,-3,63,87,0
152,20130918,4,1,15,0.0,7.0,0.7159090909090909,5.0,25.0,1,-4,63,88,0
153,20130919,4,1,15,5.0,1.0,0.7078651685393258,5.0,26.0,0,-5,63,89,0
154,20130920,4,0,1,5.0,9.0,0.7191011235955056,5.0,25.0,0,1,64,89,0
155,20130921,4,0,1,3.0,1.0,0.7111111111111111,5.0,26.0,0,-1,64,90,0
156,20130922,4,0,1,2.0,5.0,0.7222222222222222,5.0,26.0,0,1,65,90,0
157,20130923,4,0,21,1.0,2.0,0.7142857142857143,5.0,26.0,1,-1,65,91,0
158,20130924,4,0,21,2.0,8.0,0.7065217391304348,5.0,27.0,1,-2,65,92,0
159,20130925,4,0,21,4.0,2.0,0.6989247311827957,5.0,28.0,0,-3,65,93,0
160,20130927,4,1,25,0.0,7.0,0.7096774193548387,5.0,28.0,1,1,66,93,0
161,20130928,4,1,25,2.0,6.0,0.7021276595744681,5.0,29.0,0,-1,66,94,0
162,20130929,4,1,25,0.0,4.0,0.6947368421052632,5.0,30.0,0,-2,66,95,0
1,20140331,4,1,21,0.0,1.0,0,1.0,0,0,0,0,0,0
2,20140402,4,1,21,3.0,4.0,0.0,4.0,1.0,1,-1,0,1,0
3,20140403,4,1,21,3.0,2.0,0.0,5.0,2.0,0,-2,0,2,0
4,20140404,4,0,20,2.0,7.0,0.5,3.0,1.0,0,1,1,2,0
5,20140405,4,0,20,0.0,2.0,0.3333333333333333,4.0,2.0,0,-1,1,3,0
6,20140406,4,0,20,8.0,3.0,0.25,4.0,2.0,0,-2,1,4,0
7,20140408,4,0,21,6.0,7.0,0.5,4.0,2.0,1,1,2,4,0
8,20140409,4,0,21,7.0,5.0,0.4,4.0,3.0,1,-1,2,5,0
9,20140410,4,0,21,4.0,5.0,0.6,4.0,3.0,0,1,3,5,0
10,20140411,4,1,25,6.0,3.0,0.5,4.0,4.0,1,-1,3,6,0
11,20140412,4,1,25,4.0,10.0,0.6666666666666666,4.0,4.0,0,1,4,6,0
12,20140413,4,1,25,4.0,6.0,0.5714285714285714,4.0,5.0,0,-1,4,7,0
13,20140416,4,1,18,0.0,3.0,0.5,4.0,6.0,0,-2,4,8,1
14,20140416,4,1,18,0.0,2.0,0.4444444444444444,5.0,6.5,1,-3,4,9,1
15,20140418,4,0,6,1.0,4.0,0.4,5.0,6.5,0,-4,4,10,0
16,20140419,4,0,6,8.0,4.0,0.36363636363636365,5.0,7.0,0,-5,4,11,0
17,20140420,4,0,6,2.0,8.0,0.45454545454545453,5.0,7.0,0,1,5,11,0
18,20140421,4,0,0,5.0,1.0,0.4166666666666667,5.0,8.0,1,-1,5,12,0
19,20140422,4,0,0,9.0,2.0,0.5,5.0,8.0,1,1,6,12,0
20,20140423,4,0,0,5.0,7.0,0.5833333333333334,5.0,7.0,0,2,7,12,0
21,20140424,4,0,0,2.0,5.0,0.5384615384615384,5.0,8.0,0,-1,7,13,0
22,20140425,4,1,15,2.0,5.0,0.5,5.0,8.5,1,-2,7,14,0
23,20140426,4,1,15,3.0,5.0,0.4666666666666667,5.0,9.5,1,-3,7,15,0
24,20140427,4,1,15,4.0,0.0,0.4375,5.0,10.5,0,-4,7,16,0
25,20140429,4,1,6,2.0,3.0,0.5,5.0,9.5,1,1,8,16,0
26,20140430,4,1,6,9.0,4.0,0.47058823529411764,5.0,11.0,1,-1,8,17,0
27,20140502,4,0,25,6.0,5.0,0.5294117647058824,5.0,10.0,0,1,9,17,0
28,20140503,4,0,25,3.0,0.0,0.5882352941176471,4.0,9.5,0,2,10,17,0
29,20140504,4,0,25,4.0,5.0,0.6470588235294118,4.0,8.5,1,3,11,17,0
30,20140505,4,0,5,1.0,3.0,0.6111111111111112,4.0,8.5,1,-1,11,18,0
31,20140506,4,0,5,1.0,5.0,0.5789473684210527,4.0,9.5,1,-2,11,19,0
32,20140507,4,1,5,3.0,8.0,0.55,5.0,9.5,1,-3,11,20,0
33,20140508,4,1,5,12.0,5.0,0.5238095238095238,5.0,9.5,1,-4,11,21,0
34,20140509,4,1,1,2.0,3.0,0.5714285714285714,5.0,9.0,1,1,12,21,0
35,20140510,4,1,1,0.0,2.0,0.5454545454545454,5.0,9.0,1,-1,12,22,0
36,20140511,4,1,1,2.0,5.0,0.5217391304347826,5.0,10.0,0,-2,12,23,0
37,20140512,4,1,25,17.0,5.0,0.5,5.0,11.0,1,-3,12,24,0
38,20140513,4,1,25,3.0,4.0,0.5416666666666666,5.0,10.5,1,1,13,24,0
39,20140515,4,1,25,3.0,5.0,0.52,5.0,11.5,0,-1,13,25,0
40,20140516,4,0,15,3.0,4.0,0.5,5.0,12.0,0,-2,13,26,0
41,20140517,4,0,15,3.0,0.0,0.48148148148148145,5.0,13.0,0,-3,13,27,0
42,20140518,4,0,15,4.0,2.0,0.5185185185185185,5.0,12.0,0,1,14,27,0
43,20140520,4,0,18,6.0,1.0,0.5555555555555556,5.0,11.0,1,2,15,27,0
44,20140521,4,0,18,2.0,4.0,0.5925925925925926,5.0,9.5,0,3,16,27,0
45,20140522,4,1,22,5.0,1.0,0.5714285714285714,5.0,10.5,1,-1,16,28,0
46,20140523,4,1,22,1.0,11.0,0.6071428571428571,5.0,9.5,1,1,17,28,0
47,20140524,4,1,22,3.0,2.0,0.5862068965517241,5.0,10.5,1,-1,17,29,0
48,20140525,4,1,22,3.0,4.0,0.6206896551724138,5.0,9.5,0,1,18,29,0
49,20140526,4,1,24,8.0,4.0,0.6,5.0,10.5,0,-1,18,30,0
50,20140527,4,1,24,0.0,4.0,0.6333333333333333,5.0,9.5,1,1,19,30,0
51,20140528,4,1,24,0.0,5.0,0.6129032258064516,5.0,10.5,0,-1,19,31,0
52,20140530,4,1,15,5.0,11.0,0.59375,5.0,11.5,1,-2,19,32,0
53,20140531,4,1,15,8.0,0.0,0.5757575757575758,5.0,12.5,0,-3,19,33,0
54,20140601,4,1,15,0.0,9.0,0.6060606060606061,5.0,11.5,0,1,20,33,0
55,20140603,4,0,17,2.0,1.0,0.5882352941176471,5.0,12.5,1,-1,20,34,0
56,20140604,4,0,17,5.0,4.0,0.6176470588235294,5.0,12.0,1,1,21,34,0
57,20140605,4,0,17,7.0,4.0,0.6470588235294118,5.0,11.0,1,2,22,34,0
58,20140606,4,0,14,5.0,3.0,0.6764705882352942,5.0,11.0,0,3,23,34,0
59,20140607,4,0,14,5.0,2.0,0.7058823529411765,5.0,10.0,0,4,24,34,0
60,20140608,4,0,14,3.0,4.0,0.7352941176470589,5.0,10.0,0,5,25,34,0
61,20140609,4,1,21,2.0,6.0,0.7142857142857143,5.0,11.0,1,-1,25,35,0
62,20140610,4,1,21,7.0,3.0,0.6944444444444444,5.0,11.5,1,-2,25,36,0
63,20140611,4,1,21,2.0,4.0,0.7222222222222222,5.0,10.5,1,1,26,36,0
64,20140612,4,1,21,0.0,4.0,0.7027027027027027,5.0,11.5,1,-1,26,37,0
65,20140613,4,1,20,2.0,1.0,0.6842105263157895,5.0,12.5,1,-2,26,38,0
66,20140614,4,1,20,4.0,7.0,0.7105263157894737,5.0,11.5,0,1,27,38,0
67,20140615,4,1,20,3.0,0.0,0.6923076923076923,5.0,12.5,0,-1,27,39,0
68,20140616,4,1,14,5.0,4.0,0.717948717948718,5.0,11.5,1,1,28,39,0
69,20140617,4,1,14,5.0,6.0,0.7435897435897436,5.0,11.5,1,2,29,39,0
70,20140618,4,1,14,6.0,1.0,0.725,5.0,12.5,0,-1,29,40,0
71,20140620,4,0,21,6.0,3.0,0.75,5.0,11.5,0,1,30,40,0
72,20140621,4,0,21,3.0,5.0,0.775,5.0,12.0,1,2,31,40,0
73,20140622,4,0,21,1.0,2.0,0.7560975609756098,5.0,13.0,0,-1,31,41,0
74,20140623,4,0,6,1.0,6.0,0.7380952380952381,5.0,14.0,1,-2,31,42,0
75,20140624,4,0,6,7.0,3.0,0.7209302325581395,5.0,14.0,1,-3,31,43,0
76,20140625,4,0,6,1.0,4.0,0.7441860465116279,5.0,13.0,1,1,32,43,0
77,20140626,4,0,29,5.0,3.0,0.7272727272727273,5.0,14.0,1,-1,32,44,0
78,20140627,4,0,29,7.0,2.0,0.75,5.0,14.0,0,1,33,44,0
79,20140628,4,0,29,0.0,3.0,0.7727272727272727,5.0,14.0,0,2,34,44,1
80,20140628,4,0,29,2.0,7.0,0.7555555555555555,5.0,15.5,1,-1,34,45,1
81,20140630,4,1,3,2.0,0.0,0.7391304347826086,5.0,15.5,1,-2,34,46,0
82,20140701,4,1,3,2.0,1.0,0.7608695652173914,5.0,14.5,1,1,35,46,0
83,20140702,4,1,3,16.0,9.0,0.782608695652174,5.0,13.5,1,2,36,46,0
84,20140704,4,1,29,7.0,2.0,0.8043478260869565,5.0,12.5,0,3,37,46,0
85,20140705,4,1,29,0.0,13.0,0.8260869565217391,5.0,11.5,0,4,38,46,0
86,20140706,4,1,29,1.0,2.0,0.8085106382978723,5.0,12.5,0,-1,38,47,0
87,20140707,4,1,6,3.0,9.0,0.7916666666666666,5.0,12.5,1,-2,38,48,0
88,20140708,4,1,6,2.0,4.0,0.7755102040816326,5.0,12.5,0,-3,38,49,1
89,20140708,4,1,6,5.0,6.0,0.76,5.0,13.0,1,-4,38,50,1
90,20140709,4,1,6,1.0,4.0,0.7450980392156863,5.0,13.0,1,-5,38,51,0
91,20140710,4,1,6,6.0,4.0,0.7307692307692307,5.0,13.0,0,-6,38,52,0
92,20140711,4,0,1,5.0,4.0,0.75,5.0,12.0,0,1,39,52,0
93,20140712,4,0,1,6.0,11.0,0.7692307692307693,5.0,11.0,0,2,40,52,0
94,20140713,4,0,1,7.0,10.0,0.7547169811320755,5.0,11.0,0,-1,40,53,0
95,20140718,4,1,0,4.0,5.0,0.7407407407407407,5.0,12.0,1,-2,40,54,0
96,20140719,4,1,0,3.0,9.0,0.7272727272727273,5.0,13.0,1,-3,40,55,0
97,20140720,4,1,0,2.0,3.0,0.7142857142857143,5.0,13.0,0,-4,40,56,0
98,20140722,4,0,22,6.0,0.0,0.7017543859649122,5.0,13.0,1,-5,40,57,0
99,20140723,4,0,22,3.0,8.0,0.7192982456140351,5.0,13.5,1,1,41,57,0
100,20140724,4,0,22,3.0,13.0,0.7068965517241379,5.0,14.5,1,-1,41,58,0
101,20140725,4,0,25,7.0,6.0,0.6949152542372882,5.0,15.5,0,-2,41,59,0
102,20140726,4,0,25,3.0,6.0,0.711864406779661,5.0,14.5,0,1,42,59,0
103,20140727,4,0,25,0.0,1.0,0.7,5.0,15.5,0,-1,42,60,0
104,20140728,4,0,8,4.0,1.0,0.6885245901639344,5.0,15.5,1,-2,42,61,0
105,20140729,4,0,8,4.0,3.0,0.7049180327868853,5.0,14.5,1,1,43,61,0
106,20140730,4,0,8,4.0,6.0,0.7213114754098361,5.0,13.5,1,2,44,61,0
107,20140731,4,0,8,3.0,1.0,0.7096774193548387,5.0,14.5,0,-1,44,62,0
108,20140801,4,1,13,8.0,2.0,0.7258064516129032,5.0,14.0,1,1,45,62,0
109,20140802,4,1,13,2.0,5.0,0.7419354838709677,5.0,14.0,1,2,46,62,0
110,20140803,4,1,13,7.0,3.0,0.7301587301587301,5.0,14.0,0,-1,46,63,0
111,20140805,4,1,8,6.0,5.0,0.746031746031746,5.0,13.0,1,1,47,63,0
112,20140806,4,1,8,4.0,13.0,0.7619047619047619,5.0,13.0,1,2,48,63,0
113,20140807,4,1,8,6.0,2.0,0.75,5.0,13.0,0,-1,48,64,0
114,20140808,4,0,26,3.0,4.0,0.765625,5.0,13.0,0,1,49,64,0
115,20140809,4,0,26,0.0,4.0,0.7538461538461538,5.0,14.0,0,-1,49,65,0
116,20140810,4,0,26,3.0,2.0,0.7424242424242424,5.0,15.0,0,-2,49,66,0
117,20140811,4,0,15,1.0,3.0,0.7575757575757576,5.0,14.0,1,1,50,66,0
118,20140812,4,0,15,3.0,0.0,0.746268656716418,5.0,15.0,1,-1,50,67,0
119,20140813,4,0,15,4.0,2.0,0.7611940298507462,5.0,14.0,1,1,51,67,0
120,20140814,4,0,15,2.0,6.0,0.7761194029850746,5.0,13.0,0,2,52,67,0
121,20140815,4,1,17,2.0,3.0,0.7647058823529411,5.0,14.0,1,-1,52,68,0
122,20140816,4,1,17,3.0,7.0,0.7536231884057971,5.0,15.0,1,-2,52,69,0
123,20140817,4,1,17,2.0,1.0,0.7428571428571429,5.0,16.0,0,-3,52,70,0
124,20140818,4,1,17,4.0,1.0,0.7571428571428571,5.0,16.0,0,1,53,70,0
125,20140819,4,0,24,2.0,1.0,0.7714285714285715,5.0,15.5,1,2,54,70,0
126,20140820,4,0,24,3.0,8.0,0.7857142857142857,5.0,15.5,1,3,55,70,0
127,20140821,4,0,24,3.0,5.0,0.7746478873239436,5.0,15.5,1,-1,55,71,0
128,20140822,4,0,2,4.0,1.0,0.7638888888888888,5.0,16.0,0,-2,55,72,0
129,20140823,4,0,2,7.0,2.0,0.7777777777777778,5.0,15.0,0,1,56,72,0
130,20140824,4,0,2,2.0,1.0,0.7916666666666666,5.0,14.0,0,2,57,72,0
131,20140826,4,1,6,3.0,0.0,0.8055555555555556,5.0,14.0,1,3,58,72,0
132,20140827,4,1,6,5.0,7.0,0.8194444444444444,5.0,13.5,1,4,59,72,0
133,20140828,4,1,6,2.0,7.0,0.8082191780821918,5.0,13.5,0,-1,59,73,0
134,20140829,4,1,25,7.0,2.0,0.7972972972972973,5.0,14.0,1,-2,59,74,0
135,20140830,4,1,25,5.0,1.0,0.8108108108108109,5.0,13.0,0,1,60,74,1
136,20140830,4,1,25,2.0,13.0,0.8243243243243243,5.0,12.5,1,2,61,74,1
137,20140831,4,1,25,6.0,9.0,0.8133333333333334,5.0,12.5,0,-1,61,75,0
138,20140901,4,0,15,4.0,2.0,0.8026315789473685,5.0,12.5,0,-2,61,76,0
139,20140902,4,0,15,7.0,1.0,0.8157894736842105,5.0,12.5,1,1,62,76,0
140,20140903,4,0,15,6.0,2.0,0.8289473684210527,5.0,12.5,1,2,63,76,0
141,20140905,4,0,21,3.0,5.0,0.8421052631578947,5.0,12.5,0,3,64,76,0
142,20140906,4,0,21,0.0,5.0,0.8311688311688312,5.0,13.0,0,-1,64,77,0
143,20140907,4,0,21,4.0,10.0,0.8205128205128205,5.0,14.0,0,-2,64,78,0
144,20140908,4,1,28,0.0,8.0,0.810126582278481,5.0,15.0,1,-3,64,79,0
145,20140909,4,1,28,2.0,9.0,0.8,5.0,16.0,1,-4,64,80,0
146,20140910,4,1,28,1.0,11.0,0.7901234567901234,5.0,16.0,1,-5,64,81,0
147,20140912,4,1,21,3.0,7.0,0.7804878048780488,5.0,16.0,1,-6,64,82,0
148,20140913,4,1,21,6.0,4.0,0.7710843373493976,5.0,16.5,1,-7,64,83,0
149,20140914,4,1,21,3.0,7.0,0.7831325301204819,5.0,16.5,0,1,65,83,0
150,20140915,4,0,6,1.0,0.0,0.7738095238095238,5.0,17.5,1,-1,65,84,0
151,20140916,4,0,6,7.0,0.0,0.7857142857142857,5.0,17.0,1,1,66,84,0
152,20140917,4,0,6,3.0,1.0,0.7976190476190477,5.0,16.0,1,2,67,84,0
153,20140918,4,0,13,4.0,8.0,0.8095238095238095,5.0,16.0,1,3,68,84,0
154,20140919,4,0,13,5.0,14.0,0.8,5.0,17.0,0,-1,68,85,0
155,20140920,4,0,13,8.0,7.0,0.7906976744186046,5.0,18.0,0,-2,68,86,0
156,20140921,4,0,13,5.0,8.0,0.8023255813953488,5.0,18.0,0,1,69,86,0
157,20140922,4,0,25,0.0,8.0,0.7931034482758621,5.0,18.0,1,-1,69,87,0
158,20140923,4,0,25,4.0,3.0,0.7840909090909091,5.0,19.0,1,-2,69,88,0
159,20140924,4,0,25,3.0,1.0,0.7954545454545454,5.0,18.0,1,1,70,88,0
160,20140926,4,1,15,6.0,4.0,0.8068181818181818,5.0,17.0,1,2,71,88,0
161,20140927,4,1,15,1.0,2.0,0.8181818181818182,5.0,17.0,1,3,72,88,0
162,20140928,4,1,15,5.0,2.0,0.8089887640449438,5.0,17.0,0,-1,72,89,0
1,20150405,4,0,25,0.0,3.0,0,1.0,0,1,0,0,0,0
2,20150408,4,0,25,2.0,0.0,0.0,5.0,1.0,0,-1,0,1,0
3,20150410,4,1,8,1.0,5.0,1.0,2.0,1.0,0,1,1,1,0
4,20150411,4,1,8,9.0,5.0,0.5,2.0,2.5,1,-1,1,2,0
5,20150412,4,1,8,6.0,5.0,1.0,2.0,1.5,0,1,2,2,0
6,20150413,4,0,6,7.0,6.0,1.5,2.0,0.5,1,2,3,2,0
7,20150414,4,0,6,2.0,3.0,2.0,1.0,-0.5,1,3,4,2,0
8,20150415,4,0,6,5.0,0.0,1.3333333333333333,2.0,0.5,1,-1,4,3,0
9,20150417,4,0,22,4.0,5.0,1.6666666666666667,1.0,-0.5,0,1,5,3,0
10,20150418,4,0,22,7.0,6.0,1.25,2.0,1.0,0,-1,5,4,0
11,20150419,4,0,22,2.0,5.0,1.5,2.0,1.0,0,1,6,4,0
12,20150420,4,1,21,5.0,2.0,1.2,2.0,2.0,1,-1,6,5,0
13,20150421,4,1,21,9.0,8.0,1.4,2.0,1.5,1,1,7,5,0
14,20150422,4,1,21,3.0,4.0,1.6,2.0,0.5,1,2,8,5,0
15,20150423,4,1,21,4.0,5.0,1.3333333333333333,2.0,1.5,0,-1,8,6,0
16,20150424,4,1,6,7.0,3.0,1.1428571428571428,2.0,2.5,1,-2,8,7,0
17,20150426,4,1,6,5.0,2.0,1.2857142857142858,2.0,2.5,0,1,9,7,0
18,20150427,4,0,21,4.0,0.0,1.4285714285714286,2.0,2.0,1,2,10,7,0
19,20150428,4,0,21,6.0,2.0,1.5714285714285714,2.0,1.0,1,3,11,7,0
20,20150429,4,0,21,1.0,8.0,1.7142857142857142,2.0,1.0,1,4,12,7,0
21,20150501,4,0,15,1.0,0.0,1.5,2.0,2.0,0,-1,12,8,0
22,20150502,4,0,15,1.0,6.0,1.625,2.0,2.5,0,1,13,8,0
23,20150503,4,0,15,3.0,5.0,1.4444444444444444,2.0,3.5,0,-1,13,9,0
24,20150504,4,1,25,9.0,10.0,1.3,2.0,4.5,1,-2,13,10,0
25,20150505,4,1,25,4.0,7.0,1.1818181818181819,2.0,5.5,1,-3,13,11,0
26,20150506,4,1,25,6.0,5.0,1.0833333333333333,2.0,6.5,1,-4,13,12,0
27,20150507,4,1,25,1.0,5.0,1.1666666666666667,2.0,5.5,0,1,14,12,0
28,20150508,4,1,15,7.0,6.0,1.0769230769230769,2.0,6.5,1,-1,14,13,0
29,20150509,4,1,15,4.0,12.0,1.1538461538461537,2.0,6.5,1,1,15,13,0
30,20150510,4,1,15,2.0,3.0,1.0714285714285714,2.0,6.5,0,-1,15,14,0
31,20150511,4,0,17,4.0,3.0,1.0,2.0,6.5,1,-2,15,15,0
32,20150512,4,0,17,6.0,1.0,1.0666666666666667,2.0,6.0,1,1,16,15,0
33,20150513,4,0,17,2.0,1.0,1.1333333333333333,2.0,6.0,1,2,17,15,0
34,20150514,4,0,17,6.0,5.0,1.2,2.0,5.0,0,3,18,15,0
35,20150515,4,0,21,11.0,10.0,1.2666666666666666,2.0,5.0,0,4,19,15,0
36,20150516,4,0,21,4.0,1.0,1.3333333333333333,2.0,4.0,0,5,20,15,0
37,20150517,4,0,21,0.0,3.0,1.4,2.0,3.0,0,6,21,15,0
38,20150519,4,1,22,3.0,4.0,1.3125,2.0,4.0,1,-1,21,16,0
39,20150520,4,1,22,3.0,2.0,1.2352941176470589,2.0,4.5,1,-2,21,17,0
40,20150521,4,1,22,3.0,0.0,1.2941176470588236,2.0,4.5,1,1,22,17,0
41,20150522,4,1,0,4.0,5.0,1.3529411764705883,2.0,3.5,1,2,23,17,0
42,20150523,4,1,0,9.0,6.0,1.2777777777777777,2.0,3.5,1,-1,23,18,0
43,20150524,4,1,0,3.0,4.0,1.3333333333333333,2.0,2.5,0,1,24,18,0
44,20150525,4,0,29,1.0,2.0,1.263157894736842,2.0,3.5,0,-1,24,19,0
45,20150526,4,0,29,3.0,2.0,1.2,2.0,4.5,1,-2,24,20,0
46,20150527,4,0,29,0.0,3.0,1.25,2.0,4.5,1,1,25,20,0
47,20150529,4,0,11,4.0,8.0,1.1904761904761905,2.0,5.5,0,-1,25,21,0
48,20150531,4,0,11,2.0,1.0,1.1363636363636365,2.0,6.5,0,-2,25,22,0
49,20150601,4,1,14,5.0,1.0,1.1818181818181819,2.0,6.0,1,1,26,22,0
50,20150602,4,1,14,2.0,5.0,1.2272727272727273,2.0,5.0,1,2,27,22,0
51,20150603,4,1,14,3.0,7.0,1.173913043478261,2.0,6.0,1,-1,27,23,0
52,20150604,4,1,29,2.0,1.0,1.125,3.0,7.0,1,-2,27,24,0
53,20150605,4,1,29,5.0,7.0,1.1666666666666667,3.0,7.0,1,1,28,24,0
54,20150606,4,1,29,4.0,2.0,1.12,3.0,8.0,0,-1,28,25,0
55,20150607,4,1,29,6.0,3.0,1.16,3.0,7.0,0,1,29,25,0
56,20150609,4,1,9,0.0,6.0,1.2,3.0,7.0,1,2,30,25,0
57,20150610,4,1,9,12.0,3.0,1.1538461538461537,2.0,6.5,1,-1,30,26,0
58,20150611,4,0,6,6.0,3.0,1.1923076923076923,2.0,6.5,1,1,31,26,0
59,20150612,4,0,6,4.0,5.0,1.2307692307692308,2.0,6.0,0,2,32,26,0
60,20150613,4,0,6,4.0,3.0,1.1851851851851851,3.0,7.0,1,-1,32,27,0
61,20150614,4,0,6,2.0,1.0,1.2222222222222223,3.0,7.0,1,1,33,27,0
62,20150616,4,0,7,0.0,6.0,1.2592592592592593,3.0,6.5,1,2,34,27,0
63,20150617,4,1,7,17.0,0.0,1.2142857142857142,3.0,8.0,1,-1,34,28,0
64,20150618,4,1,7,3.0,4.0,1.25,3.0,7.0,1,1,35,28,0
65,20150619,4,1,16,2.0,7.0,1.206896551724138,3.0,7.0,1,-1,35,29,0
66,20150620,4,1,16,4.0,1.0,1.1666666666666667,3.0,8.0,0,-2,35,30,0
67,20150621,4,1,16,8.0,0.0,1.2,3.0,8.0,0,1,36,30,0
68,20150622,4,0,13,4.0,2.0,1.2333333333333334,3.0,7.0,1,2,37,30,0
69,20150623,4,0,13,1.0,0.0,1.2666666666666666,3.0,6.5,1,3,38,30,0
70,20150624,4,0,13,2.0,5.0,1.3,3.0,6.5,1,4,39,30,0
71,20150625,4,0,13,0.0,4.0,1.2580645161290323,3.0,7.5,0,-1,39,31,0
72,20150626,4,1,25,2.0,3.0,1.21875,3.0,8.5,1,-2,39,32,0
73,20150627,4,1,25,1.0,8.0,1.1818181818181819,3.0,9.5,1,-3,39,33,0
74,20150628,4,1,25,1.0,4.0,1.1470588235294117,3.0,10.5,1,-4,39,34,0
75,20150630,4,1,17,1.0,0.0,1.1142857142857143,3.0,11.5,1,-5,39,35,0
76,20150701,4,1,17,2.0,0.0,1.1428571428571428,3.0,10.5,1,1,40,35,0
77,20150702,4,1,17,6.0,1.0,1.1714285714285715,3.0,9.5,0,2,41,35,0
78,20150703,4,0,14,1.0,2.0,1.2,3.0,8.5,0,3,42,35,0
79,20150704,4,0,14,7.0,2.0,1.1666666666666667,3.0,8.5,1,-1,42,36,0
80,20150705,4,0,14,2.0,0.0,1.1944444444444444,3.0,8.5,0,1,43,36,0
81,20150706,4,0,25,0.0,6.0,1.2222222222222223,3.0,8.5,1,2,44,36,0
82,20150707,4,0,25,7.0,4.0,1.1891891891891893,3.0,9.5,0,-1,44,37,1
83,20150707,4,0,25,5.0,3.0,1.2162162162162162,3.0,7.5,1,1,45,37,1
84,20150708,4,0,25,5.0,6.0,1.2432432432432432,3.0,7.5,1,2,46,37,0
85,20150710,4,0,5,0.0,1.0,1.2105263157894737,3.0,8.5,0,-1,46,38,0
86,20150711,4,0,5,1.0,5.0,1.1794871794871795,3.0,9.0,0,-2,46,39,0
87,20150712,4,0,5,3.0,1.0,1.15,3.0,9.0,0,-3,46,40,0
88,20150717,4,1,1,2.0,4.0,1.175,3.0,8.0,1,1,47,40,0
89,20150718,4,1,1,4.0,0.0,1.146341463414634,3.0,9.0,1,-1,47,41,0
90,20150719,4,1,1,4.0,1.0,1.170731707317073,3.0,9.0,1,1,48,41,0
91,20150720,4,1,6,4.0,5.0,1.1951219512195121,3.0,8.0,1,2,49,41,0
92,20150721,4,1,6,5.0,4.0,1.1666666666666667,3.0,8.5,1,-1,49,42,0
93,20150722,4,1,6,1.0,9.0,1.1904761904761905,3.0,8.5,0,1,50,42,1
94,20150722,4,1,6,6.0,5.0,1.1627906976744187,3.0,9.0,1,-1,50,43,1
95,20150724,4,0,20,3.0,5.0,1.186046511627907,3.0,9.0,0,1,51,43,0
96,20150725,4,0,20,0.0,5.0,1.1590909090909092,3.0,10.5,0,-1,51,44,0
97,20150726,4,0,20,5.0,11.0,1.1333333333333333,3.0,11.5,0,-2,51,45,0
98,20150727,4,0,8,9.0,8.0,1.108695652173913,3.0,11.5,1,-3,51,46,0
99,20150728,4,0,8,2.0,7.0,1.1304347826086956,3.0,11.5,1,1,52,46,0
100,20150729,4,0,8,3.0,2.0,1.1063829787234043,3.0,11.5,0,-1,52,47,0
101,20150730,4,1,15,5.0,2.0,1.127659574468085,3.0,10.5,1,1,53,47,0
102,20150731,4,1,15,4.0,1.0,1.148936170212766,3.0,10.5,1,2,54,47,0
103,20150801,4,1,15,4.0,2.0,1.1702127659574468,3.0,10.5,1,3,55,47,0
104,20150802,4,1,15,4.0,3.0,1.1914893617021276,3.0,9.5,0,4,56,47,0
105,20150804,4,1,21,5.0,0.0,1.2127659574468086,3.0,9.5,1,5,57,47,0
106,20150805,4,1,21,5.0,7.0,1.2340425531914894,3.0,8.5,1,6,58,47,0
107,20150806,4,0,24,5.0,4.0,1.2083333333333333,3.0,9.5,1,-1,58,48,0
108,20150807,4,0,24,7.0,3.0,1.2291666666666667,3.0,9.5,0,1,59,48,0
109,20150808,4,0,24,8.0,6.0,1.25,3.0,9.5,0,2,60,48,0
110,20150809,4,0,24,2.0,0.0,1.2708333333333333,3.0,9.5,0,3,61,48,0
111,20150811,4,0,15,6.0,3.0,1.2916666666666667,3.0,8.5,1,4,62,48,0
112,20150812,4,0,15,3.0,2.0,1.3125,3.0,8.5,1,5,63,48,0
113,20150813,4,0,15,9.0,2.0,1.3333333333333333,3.0,8.5,0,6,64,48,0
114,20150814,4,1,5,6.0,5.0,1.3541666666666667,3.0,7.5,0,7,65,48,0
115,20150815,4,1,5,6.0,3.0,1.375,3.0,7.5,1,8,66,48,0
116,20150816,4,1,5,1.0,3.0,1.3958333333333333,3.0,7.5,0,9,67,48,0
117,20150818,4,0,9,8.0,10.0,1.3673469387755102,3.0,7.5,1,-1,67,49,0
118,20150819,4,0,9,8.0,15.0,1.34,3.0,8.0,1,-2,67,50,0
119,20150820,4,0,1,7.0,1.0,1.3137254901960784,3.0,9.0,1,-3,67,51,0
120,20150821,4,0,1,5.0,3.0,1.3333333333333333,3.0,8.5,0,1,68,51,0
121,20150822,4,0,1,9.0,7.0,1.3529411764705883,3.0,7.5,0,2,69,51,0
122,20150823,4,0,1,9.0,3.0,1.3725490196078431,3.0,6.5,0,3,70,51,0
123,20150824,4,0,7,2.0,1.0,1.392156862745098,3.0,6.5,0,4,71,51,0
124,20150825,4,1,24,8.0,5.0,1.411764705882353,3.0,6.5,1,5,72,51,0
125,20150826,4,1,24,2.0,4.0,1.4313725490196079,3.0,6.5,1,6,73,51,0
126,20150827,4,1,24,1.0,9.0,1.4038461538461537,3.0,7.5,0,-1,73,52,0
127,20150828,4,1,13,1.0,4.0,1.3773584905660377,3.0,8.5,1,-2,73,53,0
128,20150829,4,1,13,2.0,5.0,1.3518518518518519,3.0,8.5,1,-3,73,54,0
129,20150830,4,1,13,2.0,0.0,1.3272727272727274,3.0,9.5,1,-4,73,55,0
130,20150831,4,0,6,6.0,13.0,1.3454545454545455,3.0,9.5,1,1,74,55,0
131,20150901,4,0,6,5.0,4.0,1.3214285714285714,3.0,10.5,1,-1,74,56,0
132,20150902,4,0,6,4.0,7.0,1.3392857142857142,3.0,10.5,0,1,75,56,0
133,20150904,4,0,0,14.0,5.0,1.3157894736842106,3.0,10.5,0,-1,75,57,0
134,20150905,4,0,0,2.0,0.0,1.3333333333333333,3.0,9.5,0,1,76,57,0
135,20150906,4,0,0,6.0,4.0,1.3508771929824561,3.0,9.5,0,2,77,57,0
136,20150907,4,1,25,9.0,0.0,1.368421052631579,3.0,8.5,0,3,78,57,0
137,20150908,4,1,25,8.0,5.0,1.3859649122807018,3.0,7.5,1,4,79,57,0
138,20150909,4,1,25,3.0,4.0,1.4035087719298245,3.0,6.5,0,5,80,57,0
139,20150911,4,1,20,5.0,1.0,1.3793103448275863,3.0,7.5,1,-1,80,58,1
140,20150911,4,1,20,7.0,3.0,1.396551724137931,3.0,5.5,1,1,81,58,1
141,20150912,4,1,20,5.0,7.0,1.4137931034482758,3.0,5.5,1,2,82,58,0
142,20150913,4,1,20,4.0,7.0,1.3898305084745763,3.0,5.5,0,-1,82,59,0
143,20150915,4,1,21,4.0,5.0,1.3666666666666667,3.0,6.5,0,-2,82,60,1
144,20150915,4,1,21,2.0,1.0,1.3442622950819672,3.0,7.0,1,-3,82,61,1
145,20150916,4,1,21,3.0,2.0,1.360655737704918,3.0,7.0,1,1,83,61,0
146,20150917,4,1,21,9.0,6.0,1.3770491803278688,3.0,7.0,0,2,84,61,0
147,20150918,4,0,25,8.0,3.0,1.3934426229508197,3.0,7.0,0,3,85,61,0
148,20150919,4,0,25,5.0,4.0,1.4098360655737705,3.0,6.0,0,4,86,61,0
149,20150920,4,0,25,3.0,4.0,1.4262295081967213,3.0,5.0,0,5,87,61,0
150,20150921,4,0,15,9.0,5.0,1.403225806451613,3.0,6.0,1,-1,87,62,0
151,20150922,4,0,15,4.0,0.0,1.4193548387096775,3.0,6.0,1,1,88,62,0
152,20150923,4,0,15,1.0,4.0,1.435483870967742,3.0,6.0,1,2,89,62,0
153,20150925,4,0,21,2.0,3.0,1.4126984126984128,3.0,7.0,0,-1,89,63,0
154,20150926,4,0,21,0.0,4.0,1.390625,3.0,7.5,0,-2,89,64,0
155,20150927,4,0,21,4.0,0.0,1.3692307692307693,3.0,8.5,1,-3,89,65,0
156,20150928,4,0,11,1.0,0.0,1.3846153846153846,3.0,7.5,1,1,90,65,0
157,20150929,4,1,6,4.0,1.0,1.4,3.0,7.5,1,2,91,65,0
158,20150930,4,1,6,10.0,3.0,1.4153846153846155,3.0,7.0,1,3,92,65,0
159,20151001,4,1,6,5.0,3.0,1.4307692307692308,3.0,6.5,0,4,93,65,0
160,20151002,4,1,15,6.0,1.0,1.4461538461538461,3.0,6.0,1,5,94,65,0
161,20151003,4,1,15,1.0,0.0,1.4615384615384615,3.0,5.0,1,6,95,65,0
162,20151004,4,1,15,3.0,1.0,1.476923076923077,3.0,4.5,0,7,96,65,0
1,20160404,4,1,12,9.0,0.0,0,1.0,0,1,0,0,0,0
2,20160405,4,1,12,6.0,1.0,1.0,1.0,0,1,1,1,0,0
3,20160407,4,1,0,14.0,6.0,2.0,1.0,0,1,2,2,0,0
4,20160408,4,1,0,2.0,3.0,3.0,1.0,0,1,3,3,0,0
5,20160409,4,1,0,4.0,2.0,3.0,2.0,1.0,1,-1,3,1,0
6,20160410,4,1,0,7.0,3.0,4.0,1.0,0,0,1,4,1,0
7,20160411,4,0,6,5.0,3.0,5.0,1.0,0,1,2,5,1,0
8,20160413,4,0,6,9.0,2.0,6.0,1.0,-1.0,1,3,6,1,0
9,20160414,4,0,6,8.0,1.0,7.0,1.0,-2.0,1,4,7,1,0
10,20160415,4,0,8,1.0,6.0,8.0,1.0,-3.0,0,5,8,1,0
11,20160416,4,0,8,6.0,2.0,4.0,1.0,-2.0,0,-1,8,2,0
12,20160417,4,0,8,0.0,2.0,4.5,1.0,-3.0,0,1,9,2,0
13,20160418,4,1,25,5.0,0.0,3.0,1.0,-2.0,1,-1,9,3,0
14,20160419,4,1,25,2.0,1.0,3.3333333333333335,1.0,-3.0,1,1,10,3,0
15,20160420,4,1,25,3.0,5.0,3.6666666666666665,1.0,-4.0,0,2,11,3,0
16,20160421,4,1,6,16.0,0.0,2.75,1.0,-3.0,1,-1,11,4,0
17,20160422,4,1,6,8.0,1.0,3.0,1.0,-3.5,1,1,12,4,0
18,20160423,4,1,6,5.0,13.0,3.25,1.0,-4.0,1,2,13,4,0
19,20160424,4,1,6,9.0,0.0,2.6,1.0,-3.5,0,-1,13,5,0
20,20160426,4,0,15,4.0,3.0,2.8,1.0,-3.5,1,1,14,5,0
21,20160428,4,0,15,7.0,2.0,3.0,1.0,-3.5,0,2,15,5,0
22,20160429,4,0,1,6.0,1.0,3.2,1.0,-3.5,0,3,16,5,0
23,20160501,4,0,1,3.0,4.0,3.4,1.0,-3.5,0,4,17,5,0
24,20160502,4,1,21,7.0,2.0,2.8333333333333335,1.0,-3.0,1,-1,17,6,0
25,20160503,4,1,21,7.0,1.0,3.0,1.0,-4.0,1,1,18,6,0
26,20160504,4,1,21,6.0,2.0,3.1666666666666665,1.0,-5.0,0,2,19,6,0
27,20160505,4,0,29,5.0,2.0,3.3333333333333335,1.0,-6.0,1,3,20,6,0
28,20160506,4,0,29,8.0,6.0,3.5,1.0,-6.5,0,4,21,6,0
29,20160507,4,0,29,8.0,5.0,3.6666666666666665,1.0,-6.5,0,5,22,6,0
30,20160508,4,0,29,4.0,3.0,3.8333333333333335,1.0,-7.5,0,6,23,6,0
31,20160510,4,0,22,8.0,7.0,4.0,1.0,-7.5,1,7,24,6,0
32,20160511,4,0,22,4.0,7.0,4.166666666666667,1.0,-8.5,0,8,25,6,1
33,20160511,4,0,22,0.0,1.0,3.5714285714285716,1.0,-7.0,1,-1,25,7,1
34,20160513,4,0,21,9.0,4.0,3.125,1.0,-7.0,0,-2,25,8,0
35,20160514,4,0,21,8.0,2.0,3.25,1.0,-8.0,0,1,26,8,0
36,20160515,4,0,21,1.0,2.0,3.375,1.0,-9.0,0,2,27,8,0
37,20160517,4,1,15,2.0,4.0,3.0,1.0,-8.0,1,-1,27,9,0
38,20160518,4,1,15,2.0,1.0,2.7,1.0,-6.5,1,-2,27,10,0
39,20160519,4,1,15,3.0,5.0,2.8,1.0,-7.5,0,1,28,10,0
40,20160520,4,1,24,8.0,1.0,2.5454545454545454,1.0,-6.5,1,-1,28,11,0
41,20160521,4,1,24,3.0,5.0,2.6363636363636362,1.0,-6.5,0,1,29,11,0
42,20160522,4,1,24,0.0,1.0,2.4166666666666665,1.0,-6.5,1,-1,29,12,0
43,20160523,4,1,25,3.0,4.0,2.230769230769231,1.0,-6.0,1,-2,29,13,0
44,20160524,4,1,25,12.0,3.0,2.0714285714285716,1.0,-5.0,1,-3,29,14,0
45,20160525,4,1,25,9.0,8.0,2.142857142857143,1.0,-5.0,0,1,30,14,0
46,20160527,4,0,20,6.0,2.0,2.2142857142857144,1.0,-5.0,0,2,31,14,0
47,20160528,4,0,20,4.0,1.0,2.2857142857142856,1.0,-4.5,0,3,32,14,0
48,20160529,4,0,20,7.0,2.0,2.357142857142857,1.0,-5.5,0,4,33,14,0
49,20160530,4,0,13,2.0,0.0,2.4285714285714284,1.0,-6.5,0,5,34,14,0
50,20160531,4,0,13,0.0,5.0,2.5,1.0,-6.5,1,6,35,14,0
51,20160601,4,0,13,2.0,1.0,2.3333333333333335,1.0,-6.5,1,-1,35,15,0
52,20160602,4,0,13,7.0,2.0,2.4,1.0,-7.5,0,1,36,15,0
53,20160603,4,0,0,6.0,0.0,2.466666666666667,1.0,-8.5,0,2,37,15,0
54,20160604,4,0,0,5.0,3.0,2.533333333333333,1.0,-9.5,0,3,38,15,0
55,20160605,4,0,0,2.0,3.0,2.6,1.0,-9.5,0,4,39,15,0
56,20160606,4,1,20,6.0,4.0,2.4375,1.0,-9.5,1,-1,39,16,0
57,20160607,4,1,20,2.0,3.0,2.5,1.0,-0.0,1,1,40,16,0
58,20160608,4,1,20,8.0,1.0,2.3529411764705883,1.0,-8.5,0,-1,40,17,0
59,20160610,4,1,1,1.0,5.0,2.411764705882353,1.0,-9.5,1,1,41,17,0
60,20160611,4,1,1,8.0,2.0,2.2777777777777777,1.0,-9.0,0,-1,41,18,0
61,20160612,4,1,1,13.0,2.0,2.3333333333333335,1.0,-9.0,0,1,42,18,0
62,20160613,4,1,29,1.0,4.0,2.388888888888889,1.0,-9.0,1,2,43,18,0
63,20160614,4,1,29,4.0,3.0,2.263157894736842,1.0,-8.5,1,-1,43,19,0
64,20160615,4,1,29,4.0,5.0,2.3157894736842106,1.0,-9.5,0,1,44,19,0
65,20160617,4,0,21,6.0,0.0,2.2,1.0,-9.5,0,-1,44,20,0
66,20160618,4,0,21,4.0,3.0,2.25,1.0,-0.5,1,1,45,20,0
67,20160619,4,0,21,10.0,5.0,2.3,1.0,-1.5,1,2,46,20,0
68,20160620,4,0,25,2.0,3.0,2.35,1.0,-2.5,1,3,47,20,0
69,20160621,4,0,25,3.0,4.0,2.238095238095238,1.0,-1.5,1,-1,47,21,0
70,20160622,4,0,25,2.0,7.0,2.1363636363636362,1.0,-0.5,0,-2,47,22,0
71,20160623,4,1,14,2.0,4.0,2.0434782608695654,1.0,-9.5,1,-3,47,23,0
72,20160624,4,1,14,5.0,4.0,1.9583333333333333,1.0,-9.0,1,-4,47,24,0
73,20160625,4,1,14,6.0,9.0,2.0,1.0,-0.0,0,1,48,24,0
74,20160626,4,1,14,1.0,6.0,1.92,1.0,-0.0,0,-1,48,25,0
75,20160627,4,1,6,11.0,8.0,1.8461538461538463,1.0,-9.0,1,-2,48,26,0
76,20160628,4,1,6,7.0,2.0,1.8846153846153846,1.0,-0.0,1,1,49,26,0
77,20160629,4,1,6,9.0,2.0,1.9230769230769231,1.0,-0.0,0,2,50,26,0
78,20160630,4,1,17,3.0,4.0,1.9615384615384615,1.0,-1.0,1,3,51,26,0
79,20160701,4,1,17,2.0,10.0,1.8888888888888888,1.0,-1.0,1,-1,51,27,0
80,20160702,4,1,17,3.0,4.0,1.8214285714285714,1.0,-0.0,1,-2,51,28,0
81,20160703,4,1,17,3.0,14.0,1.7586206896551724,1.0,-9.0,0,-3,51,29,0
82,20160704,4,0,6,10.0,4.0,1.7,1.0,-8.0,0,-4,51,30,0
83,20160705,4,0,6,5.0,9.0,1.7333333333333334,1.0,-9.0,0,1,52,30,0
84,20160706,4,0,6,3.0,5.0,1.6774193548387097,1.0,-9.0,0,-1,52,31,0
85,20160707,4,0,1,3.0,4.0,1.625,1.0,-8.5,1,-2,52,32,0
86,20160708,4,1,21,4.0,8.0,1.5757575757575757,1.0,-8.0,1,-3,52,33,0
87,20160709,4,1,21,6.0,12.0,1.5294117647058822,1.0,-7.5,1,-4,52,34,0
88,20160710,4,1,21,6.0,5.0,1.4857142857142858,1.0,-6.5,0,-5,52,35,0
89,20160715,4,0,27,6.0,0.0,1.5142857142857142,1.0,-7.0,0,1,53,35,0
90,20160716,4,0,27,3.0,1.0,1.542857142857143,1.0,-8.0,0,2,54,35,0
91,20160717,4,0,27,1.0,4.0,1.5714285714285714,1.0,-8.0,0,3,55,35,0
92,20160718,4,0,17,5.0,1.0,1.5277777777777777,1.0,-8.0,1,-1,55,36,0
93,20160719,4,0,17,1.0,2.0,1.5555555555555556,1.0,-8.0,1,1,56,36,0
94,20160720,4,0,17,6.0,2.0,1.5135135135135136,1.0,-7.5,0,-1,56,37,0
95,20160722,4,1,15,5.0,2.0,1.5405405405405406,1.0,-7.0,1,1,57,37,0
96,20160723,4,1,15,1.0,6.0,1.5675675675675675,1.0,-6.5,1,2,58,37,0
97,20160724,4,1,15,6.0,5.0,1.5263157894736843,1.0,-6.5,0,-1,58,38,0
98,20160725,4,1,5,4.0,5.0,1.5526315789473684,1.0,-7.5,1,1,59,38,0
99,20160726,4,1,5,0.0,3.0,1.5128205128205128,1.0,-7.0,1,-1,59,39,0
100,20160727,4,0,5,8.0,1.0,1.475,1.0,-6.5,1,-2,59,40,0
101,20160728,4,0,5,3.0,1.0,1.5,1.0,-6.5,1,1,60,40,0
102,20160729,4,0,23,12.0,1.0,1.525,1.0,-6.5,0,2,61,40,0
103,20160730,4,0,23,1.0,4.0,1.55,1.0,-6.5,0,3,62,40,0
104,20160731,4,0,23,7.0,6.0,1.5121951219512195,1.0,-6.5,1,-1,62,41,0
105,20160801,4,0,14,5.0,0.0,1.5365853658536586,1.0,-7.5,1,1,63,41,0
106,20160802,4,0,14,3.0,2.0,1.5609756097560976,1.0,-8.0,1,2,64,41,0
107,20160803,4,0,14,5.0,4.0,1.5853658536585367,1.0,-9.0,0,3,65,41,0
108,20160805,4,1,19,7.0,2.0,1.6097560975609757,1.0,-9.0,1,4,66,41,0
109,20160806,4,1,19,4.0,0.0,1.6341463414634145,1.0,-9.5,0,5,67,41,0
110,20160807,4,1,19,3.0,1.0,1.6585365853658536,1.0,-0.5,0,6,68,41,0
111,20160809,4,0,12,5.0,1.0,1.6829268292682926,1.0,-1.5,1,7,69,41,0
112,20160810,4,0,12,3.0,1.0,1.7073170731707317,1.0,-2.0,1,8,70,41,0
113,20160811,4,0,25,4.0,3.0,1.7317073170731707,1.0,-2.0,1,9,71,41,0
114,20160812,4,0,25,13.0,2.0,1.7560975609756098,1.0,-3.0,0,10,72,41,0
115,20160813,4,0,25,4.0,8.0,1.7804878048780488,1.0,-4.0,0,11,73,41,0
116,20160814,4,0,25,4.0,6.0,1.7380952380952381,1.0,-3.0,1,-1,73,42,0
117,20160816,4,0,15,4.0,0.0,1.697674418604651,1.0,-2.0,0,-2,73,43,1
118,20160816,4,0,15,4.0,1.0,1.7209302325581395,1.0,-2.5,1,1,74,43,1
119,20160817,4,0,15,6.0,1.0,1.744186046511628,1.0,-2.5,1,2,75,43,0
120,20160818,4,0,15,9.0,6.0,1.7674418604651163,1.0,-2.5,0,3,76,43,0
121,20160819,4,1,8,6.0,7.0,1.7906976744186047,1.0,-3.0,1,4,77,43,0
122,20160820,4,1,8,9.0,2.0,1.75,1.0,-2.0,1,-1,77,44,0
123,20160821,4,1,8,4.0,11.0,1.7727272727272727,1.0,-3.0,0,1,78,44,0
124,20160822,4,1,22,5.0,1.0,1.7333333333333334,1.0,-2.0,1,-1,78,45,0
125,20160823,4,1,22,5.0,3.0,1.7555555555555555,1.0,-2.5,1,1,79,45,0
126,20160824,4,1,22,6.0,3.0,1.7777777777777777,1.0,-3.5,0,2,80,45,0
127,20160826,4,1,13,6.0,4.0,1.8,1.0,-3.5,1,3,81,45,0
128,20160827,4,1,13,2.0,3.0,1.8222222222222222,1.0,-4.0,0,4,82,45,0
129,20160828,4,1,13,0.0,1.0,1.7826086956521738,1.0,-4.0,0,-1,82,46,0
130,20160829,4,0,21,8.0,7.0,1.7446808510638299,1.0,-4.0,1,-2,82,47,0
131,20160830,4,0,21,3.0,0.0,1.7659574468085106,1.0,-4.0,1,1,83,47,0
132,20160831,4,0,21,6.0,5.0,1.7872340425531914,1.0,-4.0,1,2,84,47,0
133,20160901,4,0,24,5.0,4.0,1.8085106382978724,1.0,-5.0,1,3,85,47,0
134,20160902,4,0,24,2.0,1.0,1.8297872340425532,1.0,-5.5,0,4,86,47,0
135,20160903,4,0,24,2.0,3.0,1.851063829787234,1.0,-6.5,0,5,87,47,0
136,20160904,4,0,24,3.0,2.0,1.8125,1.0,-6.5,0,-1,87,48,0
137,20160905,4,1,15,7.0,2.0,1.8333333333333333,1.0,-6.5,0,1,88,48,0
138,20160906,4,1,15,5.0,12.0,1.8541666666666667,1.0,-6.5,1,2,89,48,0
139,20160907,4,1,15,1.0,2.0,1.816326530612245,1.0,-5.5,1,-1,89,49,0
140,20160909,4,1,10,2.0,0.0,1.78,1.0,-5.5,1,-2,89,50,0
141,20160910,4,1,10,1.0,2.0,1.8,1.0,-6.0,0,1,90,50,0
142,20160911,4,1,10,9.0,5.0,1.7647058823529411,1.0,-5.0,1,-1,90,51,0
143,20160912,4,1,25,4.0,1.0,1.7843137254901962,1.0,-6.0,1,1,91,51,0
144,20160913,4,1,25,2.0,4.0,1.803921568627451,1.0,-7.0,1,2,92,51,0
145,20160914,4,1,25,7.0,0.0,1.7692307692307692,1.0,-6.0,0,-1,92,52,0
146,20160915,4,0,15,4.0,5.0,1.7884615384615385,1.0,-7.0,1,1,93,52,0
147,20160916,4,0,15,5.0,4.0,1.7547169811320755,1.0,-7.0,0,-1,93,53,0
148,20160917,4,0,15,3.0,11.0,1.7735849056603774,1.0,-8.0,0,1,94,53,0
149,20160918,4,0,15,1.0,3.0,1.7407407407407407,1.0,-7.0,0,-1,94,54,0
150,20160919,4,0,6,5.0,2.0,1.709090909090909,1.0,-6.0,1,-2,94,55,0
151,20160920,4,0,6,6.0,1.0,1.7272727272727273,1.0,-6.0,1,1,95,55,0
152,20160921,4,0,6,9.0,2.0,1.7454545454545454,1.0,-6.0,1,2,96,55,0
153,20160923,4,0,25,5.0,0.0,1.7636363636363637,1.0,-7.0,0,3,97,55,0
154,20160924,4,0,25,4.0,10.0,1.7818181818181817,1.0,-8.0,0,4,98,55,0
155,20160925,4,0,25,3.0,1.0,1.75,1.0,-7.0,1,-1,98,56,0
156,20160926,4,1,21,12.0,2.0,1.7678571428571428,1.0,-8.0,1,1,99,56,0
157,20160927,4,1,21,6.0,4.0,1.7857142857142858,1.0,-9.0,1,2,100,56,0
158,20160928,4,1,21,4.0,8.0,1.8035714285714286,1.0,-9.0,1,3,101,56,0
159,20160929,4,1,21,1.0,1.0,1.7719298245614035,1.0,-9.0,1,-1,101,57,0
160,20160930,4,1,6,7.0,3.0,1.7719298245614035,1.0,-8.5,1,-1,101,57,0
161,20161001,4,1,6,4.0,7.0,1.7894736842105263,1.0,-8.5,0,1,102,57,0
162,20161002,4,1,6,7.0,4.0,1.7586206896551724,1.0,-7.5,0,-1,102,58,0
1,20170402,4,1,25,3.0,4.0,0,1.0,0,1,0,0,0,0
2,20170404,4,1,25,2.0,1.0,0.0,5.0,1.0,1,-1,0,1,0
3,20170406,4,1,25,6.0,4.0,1.0,1.0,0,0,1,1,1,0
4,20170407,4,1,15,1.0,2.0,2.0,1.0,0,1,2,2,1,0
5,20170408,4,1,15,11.0,6.0,1.0,2.0,1.0,1,-1,2,2,0
6,20170409,4,1,15,7.0,4.0,1.5,1.0,0,0,1,3,2,0
7,20170410,4,0,13,3.0,2.0,2.0,1.0,0,1,2,4,2,0
8,20170412,4,0,13,0.0,2.0,2.5,1.0,0,1,3,5,2,0
9,20170413,4,0,13,4.0,0.0,1.6666666666666667,2.0,1.5,0,-1,5,3,0
10,20170414,4,0,21,2.0,4.0,2.0,2.0,0.5,0,1,6,3,0
11,20170415,4,0,21,7.0,8.0,1.5,2.0,0.5,0,-1,6,4,0
12,20170416,4,0,21,1.0,6.0,1.2,2.0,1.5,0,-2,6,5,0
13,20170417,4,0,15,3.0,6.0,1.0,3.0,1.5,1,-3,6,6,0
14,20170418,4,0,15,9.0,7.0,0.8571428571428571,3.0,2.0,1,-4,6,7,0
15,20170419,4,0,15,7.0,4.0,1.0,3.0,2.0,0,1,7,7,0
16,20170421,4,1,6,6.0,5.0,1.1428571428571428,2.0,1.0,1,2,8,7,0
17,20170422,4,1,6,12.0,8.0,1.2857142857142858,1.0,-0.5,0,3,9,7,0
18,20170423,4,1,6,5.0,7.0,1.4285714285714286,1.0,-1.5,0,4,10,7,0
19,20170424,4,1,21,14.0,3.0,1.25,1.0,-0.5,1,-1,10,8,0
20,20170425,4,1,21,1.0,0.0,1.375,1.0,-1.5,1,1,11,8,0
21,20170426,4,1,21,5.0,6.0,1.5,1.0,-2.0,1,2,12,8,0
22,20170428,4,1,3,4.0,5.0,1.3333333333333333,1.0,-1.0,1,-1,12,9,0
23,20170429,4,1,3,7.0,4.0,1.2,1.0,-0.5,0,-2,12,10,0
24,20170430,4,1,3,2.0,6.0,1.3,1.0,-1.0,1,1,13,10,0
25,20170501,4,0,20,2.0,10.0,1.1818181818181819,1.0,-1.0,1,-1,13,11,0
26,20170502,4,0,20,8.0,3.0,1.0833333333333333,1.0,0,1,-2,13,12,0
27,20170503,4,0,20,5.0,4.0,1.1666666666666667,1.0,-1.0,1,1,14,12,0
28,20170504,4,0,20,5.0,4.0,1.25,1.0,-1.5,0,2,15,12,0
29,20170505,4,0,18,2.0,3.0,1.3333333333333333,1.0,-1.5,0,3,16,12,0
30,20170506,4,0,18,6.0,11.0,1.2307692307692308,1.0,-1.0,1,-1,16,13,0
31,20170507,4,0,18,4.0,5.0,1.1428571428571428,1.0,0,1,-2,16,14,0
32,20170509,4,1,8,4.0,10.0,1.0666666666666667,3.0,1.0,0,-3,16,15,1
33,20170509,4,1,8,8.0,1.0,1.0,3.0,1.5,1,-4,16,16,1
34,20170510,4,1,8,0.0,3.0,1.0625,3.0,1.5,0,1,17,16,0
35,20170512,4,1,25,3.0,2.0,1.0,4.0,2.5,1,-1,17,17,0
36,20170513,4,1,25,3.0,5.0,1.0588235294117647,4.0,1.5,0,1,18,17,0
37,20170514,4,1,25,0.0,5.0,1.0,4.0,2.5,0,-1,18,18,0
38,20170516,4,0,6,9.0,5.0,0.9473684210526315,4.0,3.5,1,-2,18,19,0
39,20170517,4,0,6,7.0,5.0,1.0,3.0,2.5,1,1,19,19,0
40,20170518,4,0,6,9.0,5.0,1.0526315789473684,3.0,2.0,0,2,20,19,0
41,20170519,4,0,15,3.0,6.0,1.105263157894737,3.0,2.0,0,3,21,19,0
42,20170521,4,0,15,13.0,6.0,1.05,3.0,3.0,0,-1,21,20,0
43,20170522,4,0,24,4.0,6.0,1.1,3.0,2.0,1,1,22,20,0
44,20170523,4,0,24,4.0,1.0,1.0476190476190477,3.0,2.5,1,-1,22,21,0
45,20170524,4,0,24,5.0,4.0,1.0952380952380953,2.0,1.5,1,1,23,21,0
46,20170525,4,0,24,5.0,1.0,1.1428571428571428,2.0,0.5,0,2,24,21,0
47,20170526,4,1,13,0.0,4.0,1.1904761904761905,1.0,-0.5,1,3,25,21,0
48,20170527,4,1,13,0.0,5.0,1.1363636363636365,1.0,-0.5,0,-1,25,22,0
49,20170528,4,1,13,4.0,9.0,1.0869565217391304,2.0,0.5,0,-2,25,23,0
50,20170529,4,1,22,2.0,5.0,1.0416666666666667,2.0,1.5,0,-3,25,24,0
51,20170530,4,1,22,2.0,6.0,1.0,2.0,1.5,1,-4,25,25,0
52,20170531,4,1,22,1.0,2.0,0.9615384615384616,2.0,1.5,0,-5,25,26,0
53,20170602,4,0,25,3.0,2.0,0.9259259259259259,3.0,2.5,0,-6,25,27,0
54,20170603,4,0,25,5.0,3.0,0.9629629629629629,3.0,2.0,0,1,26,27,0
55,20170604,4,0,25,7.0,6.0,1.0,2.0,1.0,1,2,27,27,0
56,20170605,4,0,14,3.0,1.0,1.037037037037037,2.0,1.0,1,3,28,27,0
57,20170606,4,0,14,10.0,2.0,1.0740740740740742,1.0,0,1,4,29,27,0
58,20170607,4,0,14,5.0,6.0,1.1111111111111112,1.0,0,1,5,30,27,0
59,20170608,4,0,8,1.0,4.0,1.0714285714285714,2.0,1.0,1,-1,30,28,0
60,20170609,4,0,8,3.0,5.0,1.0344827586206897,2.0,1.0,0,-2,30,29,0
61,20170610,4,0,8,1.0,9.0,1.0,2.0,2.0,0,-3,30,30,0
62,20170611,4,0,8,7.0,5.0,0.967741935483871,2.0,2.0,0,-4,30,31,0
63,20170612,4,1,17,1.0,6.0,1.0,2.0,1.0,1,1,31,31,0
64,20170613,4,1,17,14.0,3.0,0.96875,2.0,1.5,1,-1,31,32,0
65,20170614,4,1,17,4.0,9.0,1.0,2.0,1.0,1,1,32,32,0
66,20170616,4,1,21,9.0,5.0,0.9696969696969697,2.0,2.0,1,-1,32,33,0
67,20170617,4,1,21,3.0,4.0,1.0,2.0,2.5,1,1,33,33,0
68,20170618,4,1,21,7.0,1.0,0.9705882352941176,2.0,2.5,0,-1,33,34,0
69,20170619,4,0,22,3.0,2.0,1.0,2.0,2.5,1,1,34,34,0
70,20170620,4,0,22,4.0,0.0,1.0294117647058822,2.0,1.5,1,2,35,34,0
71,20170621,4,0,22,2.0,3.0,1.0588235294117647,2.0,0.5,0,3,36,34,0
72,20170622,4,1,14,11.0,1.0,1.0285714285714285,2.0,1.5,1,-1,36,35,0
73,20170623,4,1,14,0.0,2.0,1.0571428571428572,2.0,1.5,1,1,37,35,0
74,20170624,4,1,14,5.0,3.0,1.0277777777777777,2.0,1.5,0,-1,37,36,0
75,20170625,4,1,14,2.0,4.0,1.0555555555555556,2.0,0.5,0,1,38,36,0
76,20170626,4,1,29,5.0,4.0,1.027027027027027,2.0,1.5,1,-1,38,37,0
77,20170627,4,1,29,1.0,6.0,1.054054054054054,2.0,1.0,1,1,39,37,0
78,20170628,4,1,29,4.0,8.0,1.0263157894736843,2.0,1.0,1,-1,39,38,0
79,20170629,4,1,29,5.0,4.0,1.0,2.0,1.0,0,-2,39,39,0
80,20170630,4,1,6,0.0,5.0,1.0256410256410255,2.0,1.0,1,1,40,39,0
81,20170701,4,1,6,3.0,5.0,1.0,2.0,2.0,0,-1,40,40,0
82,20170702,4,1,6,6.0,2.0,0.975609756097561,2.0,3.0,0,-2,40,41,0
83,20170704,4,0,26,5.0,6.0,1.0,2.0,2.0,0,1,41,41,0
84,20170705,4,0,26,7.0,3.0,0.9761904761904762,2.0,3.5,0,-1,41,42,0
85,20170706,4,0,15,2.0,11.0,1.0,2.0,3.5,0,1,42,42,0
86,20170707,4,0,21,6.0,1.0,0.9767441860465116,2.0,4.5,0,-1,42,43,0
87,20170708,4,0,21,2.0,4.0,1.0,2.0,4.5,1,1,43,43,0
88,20170709,4,0,21,3.0,14.0,0.9772727272727273,2.0,4.5,0,-1,43,44,0
89,20170714,4,1,2,9.0,8.0,0.9555555555555556,2.0,5.5,1,-2,43,45,0
90,20170715,4,1,2,10.0,3.0,0.9777777777777777,2.0,5.5,1,1,44,45,0
91,20170716,4,1,2,8.0,0.0,1.0,2.0,5.5,0,2,45,45,0
92,20170717,4,1,1,4.0,3.0,1.0222222222222221,2.0,4.5,1,3,46,45,0
93,20170718,4,1,1,5.0,1.0,1.0444444444444445,2.0,3.5,1,4,47,45,0
94,20170719,4,1,1,8.0,2.0,1.0666666666666667,2.0,2.5,0,5,48,45,0
95,20170721,4,0,25,4.0,11.0,1.0888888888888888,2.0,1.5,0,6,49,45,0
96,20170722,4,0,25,3.0,2.0,1.065217391304348,2.0,1.0,0,-1,49,46,0
97,20170723,4,0,25,5.0,3.0,1.0869565217391304,2.0,1.0,1,1,50,46,0
98,20170724,4,0,5,1.0,3.0,1.108695652173913,1.0,0,0,2,51,46,0
99,20170725,4,0,5,7.0,2.0,1.0851063829787233,2.0,0.5,0,-1,51,47,0
100,20170726,4,1,5,8.0,3.0,1.1063829787234043,2.0,0.5,1,1,52,47,0
101,20170727,4,1,5,6.0,3.0,1.127659574468085,1.0,-0.5,1,2,53,47,0
102,20170728,4,1,15,1.0,2.0,1.148936170212766,1.0,-1.5,1,3,54,47,0
103,20170729,4,1,15,2.0,1.0,1.125,1.0,-0.5,1,-1,54,48,0
104,20170730,4,1,15,4.0,2.0,1.1458333333333333,1.0,-1.5,0,1,55,48,0
105,20170801,4,0,0,16.0,4.0,1.1666666666666667,1.0,-2.5,1,2,56,48,0
106,20170802,4,0,0,0.0,3.0,1.1875,1.0,-2.5,1,3,57,48,0
107,20170803,4,0,0,8.0,10.0,1.163265306122449,1.0,-2.5,0,-1,57,49,0
108,20170804,4,0,29,2.0,4.0,1.14,1.0,-1.5,0,-2,57,50,0
109,20170805,4,0,29,7.0,4.0,1.1176470588235294,1.0,-0.5,0,-3,57,51,0
110,20170806,4,0,29,4.0,9.0,1.1372549019607843,1.0,-0.5,0,1,58,51,0
111,20170807,4,1,24,5.0,3.0,1.1153846153846154,1.0,-0.5,1,-1,58,52,0
112,20170808,4,1,24,3.0,6.0,1.1346153846153846,1.0,-1.5,1,1,59,52,0
113,20170809,4,1,24,1.0,3.0,1.1132075471698113,1.0,-1.5,0,-1,59,53,0
114,20170811,4,1,0,8.0,3.0,1.0925925925925926,1.0,-1.5,1,-2,59,54,0
115,20170812,4,1,0,2.0,6.0,1.1111111111111112,1.0,-1.0,1,1,60,54,0
116,20170813,4,1,0,7.0,2.0,1.0909090909090908,1.0,0,0,-1,60,55,0
117,20170814,4,0,6,15.0,5.0,1.1090909090909091,1.0,-1.0,1,1,61,55,0
118,20170815,4,0,6,1.0,2.0,1.1272727272727272,1.0,-1.5,1,2,62,55,0
119,20170816,4,0,6,7.0,6.0,1.1071428571428572,1.0,-1.5,1,-1,62,56,0
120,20170817,4,0,6,10.0,13.0,1.125,1.0,-1.5,0,1,63,56,0
121,20170818,4,0,28,7.0,4.0,1.105263157894737,1.0,-1.0,0,-1,63,57,0
122,20170819,4,0,28,4.0,3.0,1.1228070175438596,1.0,-1.5,0,1,64,57,0
123,20170820,4,0,28,6.0,5.0,1.1403508771929824,1.0,-2.0,0,2,65,57,0
124,20170822,4,1,6,13.0,9.0,1.1578947368421053,1.0,-2.0,1,3,66,57,0
125,20170823,4,1,6,9.0,3.0,1.1754385964912282,1.0,-2.5,1,4,67,57,0
126,20170824,4,1,6,2.0,4.0,1.1929824561403508,1.0,-3.5,1,5,68,57,0
127,20170825,4,1,20,1.0,7.0,1.1724137931034482,1.0,-3.0,1,-1,68,58,0
128,20170826,4,1,20,17.0,2.0,1.152542372881356,1.0,-3.0,1,-2,68,59,0
129,20170827,4,1,20,3.0,6.0,1.1694915254237288,1.0,-3.0,0,1,69,59,0
130,20170828,4,0,21,6.0,1.0,1.15,1.0,-2.0,1,-1,69,60,0
131,20170829,4,0,21,4.0,1.0,1.1666666666666667,1.0,-2.5,1,1,70,60,0
132,20170830,4,0,21,17.0,3.0,1.1833333333333333,1.0,-3.5,1,2,71,60,0
133,20170831,4,0,1,6.0,2.0,1.2,1.0,-3.5,1,3,72,60,0
134,20170901,4,0,1,2.0,0.0,1.2166666666666666,1.0,-3.5,0,4,73,60,0
135,20170902,4,0,1,14.0,12.0,1.2333333333333334,1.0,-3.5,0,5,74,60,0
136,20170903,4,0,1,1.0,5.0,1.25,1.0,-4.5,0,6,75,60,0
137,20170904,4,1,21,0.0,12.0,1.2295081967213115,1.0,-3.5,0,-1,75,61,0
138,20170905,4,1,21,3.0,4.0,1.2096774193548387,1.0,-3.5,1,-2,75,62,0
139,20170906,4,1,21,1.0,0.0,1.1904761904761905,1.0,-3.5,1,-3,75,63,0
140,20170907,4,1,21,8.0,2.0,1.2063492063492063,1.0,-4.0,1,1,76,63,0
141,20170908,4,0,15,0.0,2.0,1.2222222222222223,1.0,-5.0,1,2,77,63,0
142,20170909,4,0,15,2.0,15.0,1.203125,1.0,-4.0,0,-1,77,64,0
143,20170910,4,0,15,1.0,3.0,1.1846153846153846,1.0,-3.0,0,-2,77,65,0
144,20170912,4,0,17,8.0,3.0,1.1666666666666667,1.0,-2.0,1,-3,77,66,0
145,20170913,4,0,17,17.0,5.0,1.1818181818181819,1.0,-2.0,1,1,78,66,0
146,20170914,4,0,17,14.0,6.0,1.196969696969697,1.0,-2.5,1,2,79,66,0
147,20170915,4,0,25,8.0,2.0,1.2121212121212122,1.0,-3.0,0,3,80,66,0
148,20170916,4,0,25,4.0,1.0,1.2272727272727273,1.0,-3.0,0,4,81,66,0
149,20170917,4,0,25,4.0,3.0,1.2424242424242424,1.0,-4.0,0,5,82,66,0
150,20170919,4,1,26,2.0,1.0,1.2575757575757576,1.0,-4.0,1,6,83,66,0
151,20170920,4,1,26,1.0,8.0,1.2727272727272727,1.0,-3.5,1,7,84,66,0
152,20170921,4,1,15,5.0,3.0,1.2537313432835822,1.0,-3.5,1,-1,84,67,0
153,20170922,4,1,15,5.0,4.0,1.2686567164179106,1.0,-4.5,1,1,85,67,0
154,20170923,4,1,15,3.0,4.0,1.2835820895522387,1.0,-5.0,0,2,86,67,0
155,20170924,4,1,15,5.0,0.0,1.2647058823529411,1.0,-4.5,0,-1,86,68,0
156,20170925,4,1,25,10.0,2.0,1.2794117647058822,1.0,-5.5,1,1,87,68,0
157,20170926,4,1,25,7.0,8.0,1.2941176470588236,1.0,-6.0,1,2,88,68,0
158,20170927,4,1,25,5.0,1.0,1.2753623188405796,1.0,-5.0,1,-1,88,69,0
159,20170928,4,1,25,2.0,1.0,1.289855072463768,1.0,-6.0,1,1,89,69,0
160,20170929,4,0,6,5.0,4.0,1.3043478260869565,1.0,-6.0,0,2,90,69,0
161,20170930,4,0,6,9.0,0.0,1.318840579710145,1.0,-6.0,0,3,91,69,0
162,20171001,4,0,6,1.0,3.0,1.3333333333333333,1.0,-7.0,0,4,92,69,0
1,20180329,4,1,14,8.0,4.0,0,1.0,0,0,0,0,0,0
2,20180330,4,1,14,1.0,2.0,1.0,1.0,0,1,1,1,0,0
3,20180331,4,1,14,10.0,6.0,1.0,3.0,1.0,1,-1,1,1,0
4,20180401,4,1,14,0.0,6.0,2.0,2.0,1.0,0,1,2,1,0
5,20180402,4,1,6,0.0,1.0,1.0,3.0,1.5,0,-1,2,2,0
6,20180405,4,1,15,8.0,0.0,0.6666666666666666,4.0,2.5,1,-2,2,3,0
7,20180406,4,1,15,4.0,5.0,1.0,3.0,2.0,1,1,3,3,0
8,20180407,4,1,15,5.0,2.0,0.75,3.0,3.0,0,-1,3,4,0
9,20180408,4,1,15,3.0,0.0,1.0,3.0,2.0,0,1,4,4,0
10,20180410,4,0,21,5.0,8.0,1.25,2.0,2.0,0,2,5,4,0
11,20180411,4,0,21,13.0,5.0,1.0,2.0,3.0,1,-1,5,5,0
12,20180412,4,0,21,1.0,6.0,1.2,2.0,2.0,0,1,6,5,0
13,20180413,4,0,1,0.0,4.0,1.0,3.0,3.0,0,-1,6,6,0
14,20180414,4,0,1,14.0,10.0,0.8571428571428571,4.0,3.0,0,-2,6,7,0
15,20180417,4,0,25,3.0,5.0,1.0,4.0,3.0,1,1,7,7,0
16,20180419,4,0,25,8.0,5.0,0.875,4.0,3.0,0,-1,7,8,0
17,20180420,4,1,8,16.0,5.0,1.0,4.0,2.5,1,1,8,8,0
18,20180421,4,1,8,2.0,5.0,1.125,4.0,1.5,1,2,9,8,0
19,20180422,4,1,8,9.0,7.0,1.0,4.0,2.0,0,-1,9,9,0
20,20180424,4,1,7,10.0,3.0,1.1111111111111112,4.0,2.0,1,1,10,9,0
21,20180425,4,1,7,1.0,4.0,1.2222222222222223,3.0,2.0,1,2,11,9,0
22,20180426,4,0,15,1.0,0.0,1.1,4.0,3.0,1,-1,11,10,0
23,20180427,4,0,15,3.0,2.0,1.2,4.0,2.0,0,1,12,10,0
24,20180428,4,0,15,3.0,0.0,1.3,4.0,1.0,0,2,13,10,0
25,20180429,4,0,15,2.0,0.0,1.4,2.0,0.5,0,3,14,10,0
26,20180430,4,0,8,3.0,2.0,1.5,2.0,0.5,1,4,15,10,0
27,20180501,4,0,8,1.0,3.0,1.6,1.0,-0.5,1,5,16,10,0
28,20180502,4,0,8,2.0,11.0,1.4545454545454546,1.0,0,0,-1,16,11,0
29,20180504,4,1,25,2.0,3.0,1.3333333333333333,3.0,1.0,1,-2,16,12,0
30,20180505,4,1,25,6.0,8.0,1.2307692307692308,3.0,1.5,0,-3,16,13,0
31,20180506,4,1,25,3.0,4.0,1.1428571428571428,3.0,2.5,1,-4,16,14,0
32,20180507,4,0,14,14.0,2.0,1.0666666666666667,4.0,3.5,1,-5,16,15,0
33,20180508,4,0,14,4.0,3.0,1.1333333333333333,4.0,2.5,1,1,17,15,0
34,20180509,4,0,14,13.0,4.0,1.2,4.0,1.5,0,2,18,15,0
35,20180511,4,0,5,11.0,2.0,1.2666666666666666,4.0,1.0,0,3,19,15,0
36,20180512,4,0,5,8.0,4.0,1.3333333333333333,4.0,1.5,0,4,20,15,0
37,20180513,4,0,5,3.0,5.0,1.4,3.0,0.5,0,5,21,15,0
38,20180514,4,0,1,5.0,6.0,1.3125,4.0,1.0,0,-1,21,16,0
39,20180515,4,1,1,3.0,2.0,1.2352941176470589,4.0,2.0,1,-2,21,17,0
40,20180516,4,1,1,1.0,4.0,1.2941176470588236,3.0,1.0,1,1,22,17,0
41,20180518,4,1,6,8.0,1.0,1.2222222222222223,4.0,2.0,1,-1,22,18,0
42,20180519,4,1,6,4.0,5.0,1.2777777777777777,4.0,2.0,0,1,23,18,1
43,20180519,4,1,6,10.0,0.0,1.2105263157894737,3.0,2.5,1,-1,23,19,1
44,20180520,4,1,6,6.0,1.0,1.263157894736842,3.0,2.5,0,1,24,19,0
45,20180522,4,0,7,1.0,10.0,1.3157894736842106,2.0,1.5,1,2,25,19,0
46,20180523,4,0,7,0.0,1.0,1.25,3.0,3.0,1,-1,25,20,0
47,20180525,4,0,24,6.0,2.0,1.1904761904761905,4.0,4.0,0,-2,25,21,0
48,20180526,4,0,24,4.0,5.0,1.2380952380952381,3.0,3.5,1,1,26,21,0
49,20180527,4,0,24,8.0,3.0,1.1818181818181819,4.0,4.5,1,-1,26,22,0
50,20180528,4,1,21,7.0,0.0,1.2272727272727273,3.0,4.5,0,1,27,22,0
51,20180529,4,1,21,8.0,6.0,1.2727272727272727,2.0,4.5,1,2,28,22,0
52,20180530,4,1,21,1.0,2.0,1.3181818181818181,2.0,3.5,1,3,29,22,0
53,20180531,4,1,17,5.0,1.0,1.2608695652173914,2.0,4.5,1,-1,29,23,0
54,20180601,4,1,17,7.0,4.0,1.3043478260869565,2.0,4.0,1,1,30,23,0
55,20180602,4,1,17,7.0,1.0,1.3478260869565217,2.0,3.0,1,2,31,23,0
56,20180603,4,1,17,2.0,0.0,1.391304347826087,2.0,3.0,0,3,32,23,0
57,20180605,4,0,20,1.0,6.0,1.434782608695652,2.0,2.0,1,4,33,23,0
58,20180606,4,0,20,7.0,5.0,1.375,2.0,2.0,1,-1,33,24,0
59,20180607,4,0,20,4.0,3.0,1.4166666666666667,2.0,1.0,0,1,34,24,0
60,20180608,4,0,21,3.0,1.0,1.4583333333333333,2.0,0.5,0,2,35,24,0
61,20180609,4,0,21,2.0,0.0,1.5,2.0,0.5,0,3,36,24,0
62,20180610,4,0,21,1.0,7.0,1.5416666666666667,2.0,0.5,0,4,37,24,0
63,20180611,4,1,15,7.0,2.0,1.48,2.0,0.5,1,-1,37,25,0
64,20180612,4,1,15,0.0,4.0,1.52,1.0,-0.5,1,1,38,25,0
65,20180613,4,1,15,0.0,1.0,1.4615384615384615,2.0,0.5,0,-1,38,26,0
66,20180615,4,1,25,13.0,5.0,1.4074074074074074,2.0,1.5,1,-2,38,27,0
67,20180616,4,1,25,6.0,3.0,1.4444444444444444,2.0,1.5,1,1,39,27,0
68,20180617,4,1,25,0.0,5.0,1.4814814814814814,2.0,0.5,1,2,40,27,0
69,20180619,4,0,13,3.0,4.0,1.4285714285714286,2.0,0.5,0,-1,40,28,1
70,20180619,4,0,13,2.0,1.0,1.3793103448275863,2.0,0.5,1,-2,40,29,1
71,20180620,4,0,13,4.0,0.0,1.4137931034482758,2.0,0.5,0,1,41,29,0
72,20180621,4,1,6,2.0,6.0,1.4482758620689655,1.0,0,1,2,42,29,0
73,20180622,4,1,6,3.0,6.0,1.4,2.0,1.0,1,-1,42,30,0
74,20180623,4,1,6,2.0,11.0,1.3548387096774193,2.0,2.0,0,-2,42,31,0
75,20180624,4,1,6,6.0,8.0,1.3125,2.0,2.0,0,-3,42,32,0
76,20180625,4,1,13,1.0,2.0,1.2727272727272727,2.0,2.0,1,-4,42,33,0
77,20180626,4,1,13,9.0,4.0,1.2352941176470589,2.0,2.5,1,-5,42,34,0
78,20180627,4,1,13,5.0,7.0,1.2647058823529411,2.0,2.5,1,1,43,34,0
79,20180628,4,1,13,11.0,5.0,1.2285714285714286,2.0,2.5,0,-1,43,35,0
80,20180629,4,0,16,10.0,6.0,1.2571428571428571,2.0,2.5,0,1,44,35,0
81,20180630,4,0,16,14.0,9.0,1.2857142857142858,2.0,2.5,0,2,45,35,0
82,20180701,4,0,16,11.0,10.0,1.3142857142857143,2.0,1.5,0,3,46,35,0
83,20180703,4,0,9,5.0,3.0,1.3428571428571427,2.0,0.5,0,4,47,35,0
84,20180704,4,0,9,5.0,2.0,1.3714285714285714,2.0,1.0,0,5,48,35,0
85,20180706,4,0,6,2.0,3.0,1.4,2.0,1.0,0,6,49,35,0
86,20180707,4,0,6,8.0,7.0,1.3611111111111112,2.0,2.5,0,-1,49,36,0
87,20180708,4,0,6,6.0,5.0,1.3888888888888888,2.0,1.5,0,1,50,36,0
88,20180709,4,1,24,1.0,2.0,1.4166666666666667,2.0,1.5,1,2,51,36,0
89,20180710,4,1,24,2.0,0.0,1.3783783783783783,2.0,1.5,1,-1,51,37,0
90,20180711,4,1,24,4.0,5.0,1.4054054054054055,2.0,1.5,0,1,52,37,0
91,20180713,4,1,22,5.0,4.0,1.368421052631579,2.0,1.5,1,-1,52,38,0
92,20180714,4,1,22,11.0,6.0,1.394736842105263,1.0,0,1,1,53,38,0
93,20180715,4,1,22,7.0,4.0,1.4210526315789473,1.0,-1.5,0,2,54,38,0
94,20180719,4,0,25,9.0,6.0,1.4473684210526316,1.0,-2.5,1,3,55,38,0
95,20180720,4,0,25,5.0,18.0,1.4736842105263157,1.0,-3.0,0,4,56,38,0
96,20180721,4,0,25,7.0,2.0,1.435897435897436,1.0,-3.0,0,-1,56,39,1
97,20180721,4,0,25,3.0,6.0,1.4615384615384615,1.0,-2.5,1,1,57,39,1
98,20180722,4,0,25,7.0,2.0,1.425,1.0,-2.5,0,-1,57,40,0
99,20180723,4,0,0,1.0,7.0,1.45,1.0,-3.5,1,1,58,40,0
100,20180724,4,0,0,1.0,5.0,1.4146341463414633,1.0,-2.5,1,-1,58,41,0
101,20180725,4,0,0,2.0,1.0,1.380952380952381,1.0,-1.5,0,-2,58,42,0
102,20180726,4,0,0,7.0,6.0,1.4047619047619047,1.0,-2.5,0,1,59,42,0
103,20180727,4,1,25,2.0,5.0,1.4285714285714286,1.0,-2.5,1,2,60,42,0
104,20180728,4,1,25,2.0,6.0,1.3953488372093024,1.0,-1.5,0,-1,60,43,0
105,20180729,4,1,25,5.0,2.0,1.3636363636363635,1.0,-0.5,1,-2,60,44,0
106,20180731,4,1,21,4.0,5.0,1.3863636363636365,1.0,-1.5,1,1,61,44,0
107,20180801,4,1,21,9.0,2.0,1.3555555555555556,1.0,0,1,-1,61,45,0
108,20180802,4,0,22,1.0,6.0,1.3777777777777778,1.0,-1.0,1,1,62,45,0
109,20180803,4,0,22,5.0,4.0,1.3478260869565217,1.0,-1.0,0,-1,62,46,0
110,20180804,4,0,22,5.0,4.0,1.3695652173913044,1.0,-1.0,0,1,63,46,0
111,20180805,4,0,22,6.0,10.0,1.391304347826087,1.0,-1.0,0,2,64,46,0
112,20180806,4,1,11,3.0,1.0,1.3617021276595744,1.0,-1.0,1,-1,64,47,0
113,20180807,4,1,11,5.0,0.0,1.3829787234042554,1.0,-1.5,1,1,65,47,0
114,20180808,4,1,11,0.0,9.0,1.4042553191489362,1.0,-2.5,1,2,66,47,0
115,20180810,4,0,29,3.0,2.0,1.375,1.0,-1.5,0,-1,66,48,0
116,20180811,4,0,29,4.0,9.0,1.3958333333333333,1.0,-3.0,0,1,67,48,0
117,20180812,4,0,29,4.0,3.0,1.3673469387755102,1.0,-2.0,1,-1,67,49,0
118,20180814,4,0,15,0.0,7.0,1.3877551020408163,1.0,-3.0,0,1,68,49,0
119,20180815,4,0,15,8.0,4.0,1.36,1.0,-2.0,0,-1,68,50,0
120,20180816,4,1,21,1.0,0.0,1.38,1.0,-3.0,1,1,69,50,0
121,20180817,4,1,21,1.0,0.0,1.4,1.0,-3.5,1,2,70,50,0
122,20180818,4,1,21,1.0,3.0,1.42,1.0,-4.5,1,3,71,50,0
123,20180819,4,1,21,1.0,2.0,1.392156862745098,1.0,-4.0,0,-1,71,51,0
124,20180821,4,1,9,1.0,2.0,1.3653846153846154,1.0,-3.5,1,-2,71,52,0
125,20180822,4,1,9,8.0,2.0,1.3396226415094339,1.0,-2.5,1,-3,71,53,0
126,20180823,4,0,6,7.0,1.0,1.3584905660377358,1.0,-2.5,1,1,72,53,0
127,20180824,4,0,6,3.0,2.0,1.3773584905660377,1.0,-3.0,0,2,73,53,0
128,20180825,4,0,6,10.0,6.0,1.3962264150943395,1.0,-3.0,0,3,74,53,0
129,20180826,4,0,6,9.0,0.0,1.4150943396226414,1.0,-4.0,0,4,75,53,0
130,20180827,4,0,17,7.0,4.0,1.4339622641509433,1.0,-4.0,1,5,76,53,0
131,20180828,4,0,17,2.0,1.0,1.4528301886792452,1.0,-4.5,1,6,77,53,0
132,20180829,4,0,17,3.0,10.0,1.471698113207547,1.0,-4.5,0,7,78,53,0
133,20180830,4,1,1,5.0,4.0,1.4444444444444444,1.0,-4.5,1,-1,78,54,0
134,20180831,4,1,20,1.0,2.0,1.462962962962963,1.0,-4.5,1,1,79,54,0
135,20180901,4,1,20,7.0,1.0,1.4363636363636363,1.0,-3.5,1,-1,79,55,0
136,20180902,4,1,20,8.0,1.0,1.4545454545454546,1.0,-4.5,0,1,80,55,0
137,20180903,4,1,15,3.0,4.0,1.4727272727272727,1.0,-5.0,0,2,81,55,0
138,20180904,4,1,15,1.0,11.0,1.4464285714285714,1.0,-4.0,1,-1,81,56,0
139,20180905,4,1,15,6.0,4.0,1.4210526315789473,1.0,-3.0,1,-2,81,57,0
140,20180906,4,1,29,6.0,4.0,1.4385964912280702,1.0,-4.0,1,1,82,57,0
141,20180908,4,1,29,3.0,10.0,1.456140350877193,1.0,-4.5,1,2,83,57,1
142,20180908,4,1,29,5.0,6.0,1.4310344827586208,1.0,-2.5,1,-1,83,58,1
143,20180910,4,0,15,2.0,3.0,1.4067796610169492,1.0,-2.5,1,-2,83,59,0
144,20180911,4,0,15,3.0,0.0,1.3833333333333333,1.0,-1.0,1,-3,83,60,0
145,20180912,4,0,15,1.0,5.0,1.4,1.0,-2.0,1,1,84,60,0
146,20180913,4,1,29,4.0,3.0,1.3770491803278688,1.0,-1.0,0,-1,84,61,0
147,20180914,4,0,6,3.0,2.0,1.3934426229508197,1.0,-1.5,1,1,85,61,0
148,20180915,4,0,6,1.0,0.0,1.4098360655737705,1.0,-1.5,0,2,86,61,0
149,20180916,4,0,6,1.0,2.0,1.4262295081967213,1.0,-2.5,0,3,87,61,0
150,20180917,4,1,0,5.0,1.0,1.403225806451613,1.0,-2.5,1,-1,87,62,0
151,20180918,4,1,0,9.0,1.0,1.4193548387096775,1.0,-2.5,1,1,88,62,0
152,20180919,4,1,0,0.0,9.0,1.435483870967742,1.0,-3.5,1,2,89,62,0
153,20180921,4,1,5,4.0,10.0,1.4126984126984128,1.0,-2.5,0,-1,89,63,0
154,20180922,4,1,5,8.0,3.0,1.390625,1.0,-1.5,1,-2,89,64,0
155,20180923,4,1,5,6.0,1.0,1.40625,1.0,-2.5,0,1,90,64,0
156,20180924,4,0,21,1.0,5.0,1.421875,1.0,-2.5,1,2,91,64,0
157,20180925,4,0,21,0.0,6.0,1.4,1.0,-1.5,1,-1,91,65,0
158,20180926,4,0,21,7.0,6.0,1.378787878787879,1.0,-0.5,1,-2,91,66,0
159,20180927,4,0,21,3.0,0.0,1.393939393939394,1.0,-0.5,1,1,92,66,0
160,20180928,4,0,25,8.0,4.0,1.4090909090909092,1.0,-1.0,0,2,93,66,0
161,20180929,4,0,25,1.0,2.0,1.4242424242424243,1.0,-1.0,0,3,94,66,0
162,20180930,4,0,25,10.0,5.0,1.4029850746268657,1.0,0,0,-1,94,67,0
163,20181001,4,0,15,1.0,3.0,1.4179104477611941,1.0,0,0,1,95,67,0
1,20190328,4,1,27,12.0,4.0,0,1.0,0,0,0,0,0,0
2,20190330,4,1,27,6.0,8.0,1.0,1.0,0,1,1,1,0,0
3,20190331,4,1,27,10.0,11.0,1.0,3.0,0.5,0,-1,1,1,0
4,20190401,4,1,1,0.0,8.0,0.5,4.0,1.5,1,-2,1,2,0
5,20190403,4,1,1,4.0,6.0,0.3333333333333333,5.0,2.5,1,-3,1,3,0
6,20190404,4,1,1,4.0,9.0,0.25,4.0,4.0,1,-4,1,4,0
7,20190405,4,1,15,10.0,13.0,0.2,4.0,4.5,1,-5,1,5,0
8,20190406,4,1,15,14.0,8.0,0.16666666666666666,4.0,5.5,1,-6,1,6,0
9,20190407,4,1,15,2.0,4.0,0.3333333333333333,4.0,4.5,0,1,2,6,0
10,20190408,4,0,21,10.0,0.0,0.2857142857142857,4.0,5.5,0,-1,2,7,0
11,20190410,4,0,21,2.0,5.0,0.42857142857142855,4.0,4.5,1,1,3,7,0
12,20190411,4,0,21,2.0,0.0,0.375,4.0,4.0,1,-1,3,8,0
13,20190412,4,0,12,5.0,1.0,0.5,4.0,3.5,0,1,4,8,0
14,20190413,4,0,12,5.0,6.0,0.625,4.0,3.5,0,2,5,8,0
15,20190415,4,1,14,7.0,2.0,0.5555555555555556,5.0,4.5,1,-1,5,9,0
16,20190416,4,1,14,4.0,0.0,0.6666666666666666,4.0,4.0,1,1,6,9,0
17,20190417,4,1,14,6.0,0.0,0.7777777777777778,4.0,4.0,1,2,7,9,0
18,20190419,4,0,0,5.0,1.0,0.8888888888888888,4.0,3.0,0,3,8,9,0
19,20190420,4,0,0,0.0,6.0,1.0,4.0,2.5,0,4,9,9,0
20,20190421,4,0,0,2.0,1.0,0.9,4.0,3.5,0,-1,9,10,0
21,20190423,4,0,13,7.0,2.0,1.0,4.0,2.5,1,1,10,10,0
22,20190424,4,0,13,7.0,6.0,1.1,3.0,2.0,1,2,11,10,0
23,20190425,4,0,13,1.0,2.0,1.2,2.0,2.0,0,3,12,10,0
24,20190426,4,1,0,3.0,8.0,1.0909090909090908,2.0,2.5,1,-1,12,11,0
25,20190427,4,1,0,9.0,1.0,1.0,3.0,2.5,1,-2,12,12,0
26,20190428,4,1,0,6.0,5.0,1.0833333333333333,3.0,2.5,0,1,13,12,0
27,20190430,4,1,23,6.0,5.0,1.1666666666666667,2.0,2.5,1,2,14,12,0
28,20190501,4,1,23,11.0,0.0,1.25,2.0,3.0,0,3,15,12,0
29,20190503,4,0,25,4.0,0.0,1.3333333333333333,2.0,3.0,0,4,16,12,0
30,20190504,4,0,25,6.0,5.0,1.4166666666666667,2.0,1.5,0,5,17,12,0
31,20190505,4,0,25,13.0,5.0,1.5,2.0,0.5,1,6,18,12,0
32,20190506,4,0,14,5.0,6.0,1.5833333333333333,1.0,-0.5,1,7,19,12,0
33,20190507,4,0,14,5.0,2.0,1.4615384615384615,2.0,0.5,1,-1,19,13,0
34,20190508,4,0,14,3.0,2.0,1.5384615384615385,1.0,-0.5,1,1,20,13,0
35,20190509,4,0,14,4.0,1.0,1.6153846153846154,1.0,-0.5,0,2,21,13,0
36,20190510,4,0,15,0.0,7.0,1.6923076923076923,1.0,-1.0,0,3,22,13,0
37,20190511,4,0,15,2.0,1.0,1.5714285714285714,1.0,0,0,-1,22,14,0
38,20190512,4,0,15,4.0,1.0,1.6428571428571428,1.0,-1.0,1,1,23,14,0
39,20190514,4,1,6,3.0,1.0,1.7142857142857142,1.0,-2.0,1,2,24,14,0
40,20190515,4,1,6,5.0,6.0,1.7857142857142858,1.0,-2.5,1,3,25,14,0
41,20190516,4,1,6,2.0,4.0,1.6666666666666667,1.0,-1.5,1,-1,25,15,0
42,20190517,4,1,29,14.0,6.0,1.5625,1.0,-0.5,1,-2,25,16,0
43,20190518,4,1,29,2.0,5.0,1.625,1.0,-1.5,1,1,26,16,0
44,20190519,4,1,29,6.0,5.0,1.5294117647058822,1.0,-1.5,1,-1,26,17,0
45,20190520,4,0,20,4.0,5.0,1.588235294117647,1.0,-1.5,1,1,27,17,0
46,20190521,4,0,20,3.0,2.0,1.5,1.0,-1.0,1,-1,27,18,0
47,20190522,4,0,20,8.0,4.0,1.5555555555555556,1.0,-2.0,1,1,28,18,0
48,20190523,4,0,20,7.0,9.0,1.6111111111111112,1.0,-2.0,0,2,29,18,0
49,20190524,4,0,6,5.0,6.0,1.5263157894736843,1.0,-1.5,0,-1,29,19,0
50,20190525,4,0,6,8.0,6.0,1.45,1.0,-1.5,0,-2,29,20,0
51,20190526,4,0,6,2.0,10.0,1.5,1.0,-2.5,0,1,30,20,0
52,20190527,4,1,10,5.0,6.0,1.4285714285714286,1.0,-1.5,0,-1,30,21,0
53,20190528,4,1,10,6.0,9.0,1.3636363636363635,1.0,-0.5,1,-2,30,22,0
54,20190529,4,1,10,2.0,1.0,1.3043478260869565,1.0,-0.5,1,-3,30,23,0
55,20190531,4,1,25,1.0,2.0,1.3478260869565217,1.0,-1.0,1,1,31,23,0
56,20190601,4,1,25,4.0,7.0,1.2916666666666667,1.0,-0.5,1,-1,31,24,0
57,20190602,4,1,25,1.0,2.0,1.24,2.0,0.5,0,-2,31,25,0
58,20190603,4,0,12,8.0,1.0,1.1923076923076923,2.0,1.5,0,-3,31,26,0
59,20190604,4,0,8,6.0,3.0,1.2307692307692308,2.0,1.0,1,1,32,26,0
60,20190605,4,0,8,9.0,8.0,1.2692307692307692,1.0,0,1,2,33,26,0
61,20190606,4,0,8,1.0,3.0,1.3076923076923077,1.0,-1.0,0,3,34,26,0
62,20190607,4,0,25,3.0,1.0,1.2592592592592593,1.0,0,0,-1,34,27,0
63,20190608,4,0,25,9.0,4.0,1.2962962962962963,1.0,0,1,1,35,27,0
64,20190609,4,0,25,5.0,1.0,1.3333333333333333,1.0,0,1,2,36,27,0
65,20190610,4,1,8,5.0,6.0,1.3703703703703705,1.0,0,1,3,37,27,0
66,20190611,4,1,8,3.0,10.0,1.3214285714285714,2.0,0.5,1,-1,37,28,0
67,20190612,4,1,8,10.0,1.0,1.2758620689655173,2.0,0.5,0,-2,37,29,0
68,20190613,4,1,13,3.0,7.0,1.3103448275862069,2.0,0.5,1,1,38,29,0
69,20190614,4,1,13,3.0,5.0,1.2666666666666666,2.0,1.0,1,-1,38,30,0
70,20190615,4,1,13,2.0,1.0,1.2258064516129032,2.0,1.0,1,-2,38,31,0
71,20190616,4,1,13,2.0,3.0,1.2580645161290323,1.0,0,0,1,39,31,0
72,20190618,4,0,5,1.0,3.0,1.21875,2.0,1.0,1,-1,39,32,0
73,20190619,4,0,5,7.0,3.0,1.1818181818181819,2.0,0.5,1,-2,39,33,0
74,20190620,4,0,17,7.0,4.0,1.2121212121212122,1.0,-0.5,1,1,40,33,0
75,20190621,4,0,17,4.0,5.0,1.2424242424242424,1.0,-1.5,0,2,41,33,0
76,20190622,4,0,17,2.0,10.0,1.2058823529411764,1.0,-1.5,0,-1,41,34,0
77,20190623,4,0,17,5.0,3.0,1.1714285714285715,1.0,-0.5,0,-2,41,35,0
78,20190624,4,0,1,8.0,3.0,1.2,1.0,-0.5,1,1,42,35,0
79,20190625,4,0,1,2.0,3.0,1.2285714285714286,1.0,-1.0,1,2,43,35,0
80,20190626,4,0,1,3.0,5.0,1.1944444444444444,1.0,-1.0,1,-1,43,36,0
81,20190627,4,0,1,9.0,7.0,1.162162162162162,1.0,-1.0,0,-2,43,37,0
82,20190628,4,1,6,3.0,6.0,1.1891891891891893,1.0,-1.0,1,1,44,37,0
83,20190629,4,1,6,6.0,0.0,1.1578947368421053,1.0,-1.0,0,-1,44,38,0
84,20190630,4,1,6,6.0,8.0,1.1842105263157894,1.0,-1.0,0,1,45,38,0
85,20190701,4,1,21,5.0,18.0,1.1538461538461537,1.0,0,1,-1,45,39,0
86,20190702,4,1,21,1.0,5.0,1.125,2.0,1.0,1,-2,45,40,0
87,20190703,4,1,21,5.0,6.0,1.0975609756097562,2.0,1.0,1,-3,45,41,0
88,20190704,4,1,21,11.0,3.0,1.0714285714285714,2.0,1.0,0,-4,45,42,0
89,20190706,4,1,5,6.0,3.0,1.0952380952380953,1.0,0,1,1,46,42,0
90,20190707,4,1,5,1.0,3.0,1.119047619047619,1.0,-0.5,0,2,47,42,0
91,20190712,4,0,21,4.0,3.0,1.0930232558139534,1.0,-0.5,0,-1,47,43,0
92,20190713,4,0,21,10.0,4.0,1.1162790697674418,1.0,-1.5,0,1,48,43,0
93,20190714,4,0,21,8.0,3.0,1.1395348837209303,1.0,-1.5,0,2,49,43,0
94,20190715,4,0,6,3.0,6.0,1.1627906976744187,1.0,-2.5,1,3,50,43,0
95,20190716,4,0,6,4.0,3.0,1.1363636363636365,1.0,-2.0,1,-1,50,44,0
96,20190717,4,0,6,5.0,2.0,1.1590909090909092,1.0,-2.5,0,1,51,44,0
97,20190719,4,0,22,6.0,5.0,1.1818181818181819,1.0,-2.5,0,2,52,44,0
98,20190720,4,0,22,6.0,5.0,1.2045454545454546,1.0,-2.5,0,3,53,44,0
99,20190721,4,0,22,1.0,5.0,1.2272727272727273,1.0,-3.0,0,4,54,44,0
100,20190722,4,1,24,4.0,5.0,1.2,1.0,-2.0,1,-1,54,45,0
101,20190723,4,1,24,4.0,5.0,1.173913043478261,1.0,-1.5,1,-2,54,46,0
102,20190724,4,1,24,4.0,1.0,1.148936170212766,1.0,-0.5,0,-3,54,47,0
103,20190726,4,1,15,2.0,3.0,1.1702127659574468,1.0,-0.5,1,1,55,47,0
104,20190727,4,1,15,3.0,5.0,1.1458333333333333,2.0,1.0,1,-1,55,48,0
105,20190728,4,1,15,11.0,4.0,1.1224489795918366,2.0,1.0,0,-2,55,49,0
106,20190730,4,1,25,1.0,2.0,1.1428571428571428,1.0,0,1,1,56,49,0
107,20190731,4,1,25,2.0,0.0,1.12,2.0,1.0,1,-1,56,50,0
108,20190801,4,1,25,0.0,8.0,1.14,1.0,0,1,1,57,50,0
109,20190802,4,0,15,6.0,2.0,1.1176470588235294,2.0,1.0,0,-1,57,51,0
110,20190803,4,0,15,4.0,1.0,1.1372549019607843,2.0,0.5,0,1,58,51,0
111,20190804,4,0,15,7.0,2.0,1.1568627450980393,1.0,-0.5,0,2,59,51,0
112,20190805,4,0,19,6.0,5.0,1.1764705882352942,1.0,-1.5,1,3,60,51,0
113,20190806,4,0,19,4.0,11.0,1.196078431372549,1.0,-2.5,1,4,61,51,0
114,20190807,4,0,19,10.0,1.0,1.1730769230769231,1.0,-2.5,0,-1,61,52,0
115,20190808,4,1,6,12.0,5.0,1.1923076923076923,1.0,-3.0,1,1,62,52,0
116,20190809,4,1,6,2.0,5.0,1.2115384615384615,1.0,-3.5,1,2,63,52,0
117,20190810,4,1,6,1.0,10.0,1.1886792452830188,1.0,-2.5,1,-1,63,53,0
118,20190811,4,1,6,6.0,3.0,1.1666666666666667,1.0,-1.5,0,-2,63,54,0
119,20190813,4,1,20,2.0,4.0,1.1851851851851851,1.0,-2.0,1,1,64,54,0
120,20190814,4,1,20,1.0,11.0,1.1636363636363636,1.0,-1.0,1,-1,64,55,0
121,20190815,4,1,20,5.0,7.0,1.1428571428571428,1.0,0,1,-2,64,56,0
122,20190816,4,1,21,2.0,3.0,1.1228070175438596,1.0,0,1,-3,64,57,0
123,20190817,4,1,21,2.0,0.0,1.103448275862069,2.0,1.0,0,-4,64,58,0
124,20190818,4,1,21,7.0,1.0,1.1206896551724137,1.0,0,1,1,65,58,0
125,20190820,4,0,24,5.0,3.0,1.1379310344827587,1.0,0,1,2,66,58,0
126,20190821,4,0,24,12.0,11.0,1.1551724137931034,2.0,0.5,1,3,67,58,0
127,20190822,4,0,24,1.0,0.0,1.1724137931034482,1.0,-0.5,0,4,68,58,0
128,20190823,4,0,29,3.0,9.0,1.1896551724137931,1.0,-0.5,0,5,69,58,0
129,20190824,4,0,29,2.0,7.0,1.1694915254237288,2.0,0.5,0,-1,69,59,0
130,20190825,4,0,29,5.0,7.0,1.15,2.0,1.5,0,-2,69,60,0
131,20190827,4,1,17,5.0,2.0,1.1311475409836065,2.0,2.5,1,-3,69,61,0
132,20190828,4,1,17,10.0,7.0,1.1475409836065573,2.0,3.0,1,1,70,61,0
133,20190829,4,1,17,4.0,1.0,1.1639344262295082,2.0,2.0,1,2,71,61,0
134,20190830,4,0,15,7.0,1.0,1.180327868852459,2.0,1.5,0,3,72,61,0
135,20190831,4,0,15,0.0,2.0,1.1967213114754098,2.0,1.0,0,4,73,61,0
136,20190901,4,0,15,0.0,4.0,1.1774193548387097,2.0,2.5,0,-1,73,62,0
137,20190902,4,0,23,5.0,1.0,1.1587301587301588,2.0,3.0,0,-2,73,63,0
138,20190903,4,0,23,6.0,1.0,1.1746031746031746,2.0,3.0,1,1,74,63,0
139,20190905,4,1,15,10.0,5.0,1.1904761904761905,2.0,3.0,1,2,75,63,0
140,20190906,4,1,15,1.0,7.0,1.2063492063492063,2.0,2.5,1,3,76,63,0
141,20190907,4,1,15,2.0,3.0,1.1875,2.0,2.5,1,-1,76,64,0
142,20190908,4,1,15,5.0,8.0,1.1692307692307693,2.0,3.5,0,-2,76,65,0
143,20190909,4,1,22,10.0,2.0,1.1515151515151516,2.0,4.5,1,-3,76,66,0
144,20190910,4,1,22,8.0,9.0,1.1666666666666667,2.0,4.0,1,1,77,66,0
145,20190911,4,1,22,0.0,4.0,1.1492537313432836,2.0,4.0,1,-1,77,67,0
146,20190912,4,1,22,4.0,1.0,1.1323529411764706,2.0,4.0,0,-2,77,68,0
147,20190913,4,0,21,17.0,8.0,1.1470588235294117,2.0,4.0,0,1,78,68,0
148,20190914,4,0,21,14.0,1.0,1.161764705882353,2.0,4.0,0,2,79,68,0
149,20190915,4,0,21,16.0,6.0,1.1764705882352942,2.0,3.0,0,3,80,68,0
150,20190916,4,0,6,8.0,2.0,1.1911764705882353,2.0,2.0,1,4,81,68,0
151,20190917,4,0,6,2.0,4.0,1.2058823529411764,2.0,2.0,1,5,82,68,0
152,20190918,4,0,6,2.0,3.0,1.1884057971014492,2.0,2.0,1,-1,82,69,0
153,20190919,4,0,25,4.0,5.0,1.1714285714285715,2.0,3.0,1,-2,82,70,0
154,20190920,4,0,25,1.0,2.0,1.1549295774647887,3.0,4.0,0,-3,82,71,0
155,20190921,4,0,25,8.0,9.0,1.1388888888888888,3.0,5.0,0,-4,82,72,0
156,20190922,4,0,25,2.0,3.0,1.1232876712328768,3.0,6.0,0,-5,82,73,0
157,20190924,4,1,21,2.0,9.0,1.1081081081081081,3.0,7.0,1,-6,82,74,0
158,20190925,4,1,21,2.0,4.0,1.0933333333333333,3.0,7.5,1,-7,82,75,0
159,20190926,4,1,21,5.0,9.0,1.0789473684210527,3.0,7.5,1,-8,82,76,0
160,20190927,4,1,25,8.0,2.0,1.0649350649350648,3.0,8.0,1,-9,82,77,0
161,20190928,4,1,25,8.0,6.0,1.077922077922078,3.0,7.0,1,1,83,77,0
162,20190929,4,1,25,0.0,9.0,1.0909090909090908,3.0,6.0,0,2,84,77,0
1,20200724,4,0,15,3.0,0.0,0,1.0,0,1,0,0,0,0
2,20200725,4,0,15,3.0,8.0,1.0,1.0,0,0,1,1,0,0
3,20200726,4,0,15,9.0,1.0,1.0,2.0,1.0,0,-1,1,1,0
4,20200727,4,1,6,8.0,7.0,2.0,1.0,0,1,1,2,1,0
5,20200728,4,1,6,8.0,5.0,3.0,1.0,-0.5,1,2,3,1,0
6,20200729,4,1,6,7.0,12.0,4.0,1.0,-1.5,1,3,4,1,0
7,20200731,4,0,21,6.0,3.0,2.0,1.0,-1.0,1,-1,4,2,0
8,20200801,4,0,21,4.0,3.0,2.5,1.0,-1.5,1,1,5,2,0
9,20200802,4,0,21,2.0,1.0,3.0,1.0,-2.0,0,2,6,2,0
10,20200803,4,0,11,2.0,0.0,3.5,1.0,-2.5,1,3,7,2,0
11,20200804,4,0,11,5.0,4.0,4.0,1.0,-3.0,1,4,8,2,0
12,20200805,4,1,11,6.0,1.0,4.5,1.0,-4.0,1,5,9,2,0
13,20200806,4,1,11,2.0,13.0,5.0,1.0,-4.5,1,6,10,2,0
14,20200811,4,1,7,7.0,1.0,3.3333333333333335,1.0,-3.5,1,-1,10,3,0
15,20200812,4,1,7,7.0,2.0,3.6666666666666665,1.0,-4.5,1,1,11,3,0
16,20200813,4,0,15,4.0,2.0,4.0,1.0,-5.0,1,2,12,3,0
17,20200814,4,0,15,3.0,4.0,4.333333333333333,1.0,-5.5,1,3,13,3,0
18,20200815,4,0,15,5.0,6.0,3.25,1.0,-5.0,0,-1,13,4,0
19,20200816,4,0,15,5.0,6.0,2.6,1.0,-3.5,0,-2,13,5,0
20,20200817,4,0,25,1.0,3.0,2.1666666666666665,1.0,-3.5,0,-3,13,6,1
21,20200817,4,0,25,5.0,4.0,1.8571428571428572,1.0,-3.5,1,-4,13,7,1
22,20200818,4,0,25,6.0,3.0,2.0,1.0,-3.5,1,1,14,7,0
23,20200819,4,0,25,3.0,9.0,2.142857142857143,1.0,-4.5,0,2,15,7,1
24,20200819,4,0,25,4.0,2.0,1.875,1.0,-4.0,1,-1,15,8,1
25,20200821,4,0,5,1.0,10.0,2.0,1.0,-4.0,1,1,16,8,0
26,20200822,4,0,5,4.0,7.0,1.7777777777777777,1.0,-4.0,1,-1,16,9,0
27,20200823,4,0,5,2.0,1.0,1.6,1.0,-3.0,0,-2,16,10,0
28,20200824,4,1,9,9.0,3.0,1.7,1.0,-3.0,1,1,17,10,0
29,20200825,4,1,9,1.0,7.0,1.8,1.0,-3.0,1,2,18,10,0
30,20200826,4,1,9,6.0,7.0,1.6363636363636365,1.0,-3.0,1,-1,18,11,0
31,20200828,4,1,6,5.0,6.0,1.5,1.0,-2.0,1,-2,18,12,0
32,20200829,4,1,6,3.0,0.0,1.3846153846153846,1.0,-3.0,0,-3,18,13,1
33,20200829,4,1,6,5.0,6.0,1.4615384615384615,1.0,-3.5,1,1,19,13,1
34,20200830,4,1,6,10.0,1.0,1.3571428571428572,1.0,-3.5,0,-1,19,14,0
35,20200901,4,1,21,8.0,7.0,1.4285714285714286,1.0,-3.5,1,1,20,14,0
36,20200902,4,1,21,8.0,2.0,1.5,1.0,-3.0,1,2,21,14,0
37,20200903,4,1,21,2.0,6.0,1.5714285714285714,1.0,-4.0,0,3,22,14,0
38,20200904,4,0,25,4.0,1.0,1.4666666666666666,1.0,-3.5,1,-1,22,15,0
39,20200905,4,0,25,2.0,4.0,1.5333333333333334,1.0,-4.5,0,1,23,15,1
40,20200905,4,0,25,1.0,5.0,1.4375,1.0,-2.5,1,-1,23,16,1
41,20200906,4,0,25,3.0,7.0,1.3529411764705883,1.0,-2.5,1,-2,23,17,0
42,20200907,4,0,25,5.0,1.0,1.2777777777777777,1.0,-1.5,0,-3,23,18,0
43,20200908,4,0,6,3.0,0.0,1.3333333333333333,1.0,-2.5,1,1,24,18,0
44,20200909,4,0,6,0.0,3.0,1.3888888888888888,1.0,-3.0,1,2,25,18,0
45,20200910,4,0,6,8.0,5.0,1.3157894736842106,1.0,-2.5,1,-1,25,19,0
46,20200911,4,1,15,0.0,1.0,1.368421052631579,1.0,-3.0,1,1,26,19,0
47,20200912,4,1,15,4.0,2.0,1.3,1.0,-3.0,1,-1,26,20,0
48,20200913,4,1,15,12.0,0.0,1.35,1.0,-3.0,0,1,27,20,0
49,20200915,4,0,7,6.0,5.0,1.4,1.0,-4.0,1,2,28,20,0
50,20200916,4,0,7,3.0,2.0,1.45,1.0,-5.0,1,3,29,20,0
51,20200918,4,0,16,1.0,0.0,1.5,1.0,-5.5,1,4,30,20,0
52,20200919,4,0,16,1.0,8.0,1.55,1.0,-5.5,1,5,31,20,0
53,20200920,4,0,16,0.0,4.0,1.4761904761904763,1.0,-4.5,1,-1,31,21,0
54,20200921,4,1,21,5.0,0.0,1.4090909090909092,1.0,-3.5,1,-2,31,22,0
55,20200922,4,1,21,2.0,3.0,1.4545454545454546,1.0,-4.5,1,1,32,22,0
56,20200923,4,1,21,1.0,2.0,1.391304347826087,1.0,-3.5,1,-1,32,23,0
57,20200924,4,1,21,0.0,7.0,1.3333333333333333,1.0,-3.5,0,-2,32,24,0
58,20200925,4,1,5,10.0,0.0,1.28,1.0,-2.5,1,-3,32,25,0
59,20200926,4,1,5,5.0,9.0,1.32,1.0,-3.0,1,1,33,25,0
60,20200927,4,1,5,10.0,8.0,1.2692307692307692,1.0,-3.0,0,-1,33,26,0
1,20210401,4,0,21,3.0,5.0,0,1.0,0,0,0,0,0,0
2,20210403,4,0,21,5.0,1.0,0.0,4.0,1.0,0,-1,0,1,0
3,20210404,4,0,21,4.0,3.0,1.0,1.0,0,0,1,1,1,0
4,20210405,4,0,15,5.0,3.0,2.0,1.0,0,1,2,2,1,0
5,20210406,4,0,15,0.0,4.0,3.0,1.0,0,1,3,3,1,0
6,20210407,4,0,15,2.0,4.0,1.5,2.0,1.0,0,-1,3,2,0
7,20210408,4,1,21,4.0,2.0,1.0,3.0,2.0,0,-2,3,3,0
8,20210410,4,1,21,2.0,8.0,1.3333333333333333,3.0,1.5,1,1,4,3,0
9,20210411,4,1,21,1.0,7.0,1.0,3.0,2.0,0,-1,4,4,0
10,20210412,4,1,15,3.0,6.0,0.8,4.0,2.0,1,-2,4,5,0
11,20210413,4,1,15,3.0,2.0,0.6666666666666666,4.0,3.0,1,-3,4,6,0
12,20210414,4,1,15,0.0,7.0,0.8333333333333334,4.0,2.0,0,1,5,6,0
13,20210416,4,0,1,2.0,5.0,0.7142857142857143,4.0,2.0,0,-1,5,7,0
14,20210417,4,0,1,13.0,4.0,0.625,5.0,3.0,0,-2,5,8,0
15,20210418,4,0,1,4.0,13.0,0.75,4.0,3.0,1,1,6,8,0
16,20210420,4,0,17,3.0,1.0,0.6666666666666666,5.0,3.0,1,-1,6,9,0
17,20210421,4,0,17,16.0,4.0,0.7777777777777778,4.0,2.5,1,1,7,9,0
18,20210422,4,0,17,4.0,3.0,0.8888888888888888,3.0,2.5,1,2,8,9,0
19,20210423,4,0,15,15.0,2.0,1.0,2.0,2.0,0,3,9,9,0
20,20210424,4,0,15,3.0,4.0,1.1111111111111112,2.0,1.0,0,4,10,9,0
21,20210425,4,0,15,0.0,6.0,1.0,2.0,2.0,0,-1,10,10,0
22,20210426,4,1,1,7.0,8.0,0.9090909090909091,4.0,3.0,1,-2,10,11,0
23,20210427,4,1,1,0.0,5.0,0.8333333333333334,4.0,3.0,1,-3,10,12,0
24,20210428,4,1,1,0.0,10.0,0.7692307692307693,5.0,4.0,1,-4,10,13,0
25,20210429,4,1,1,9.0,3.0,0.7142857142857143,5.0,4.0,1,-5,10,14,0
26,20210430,4,1,6,6.0,8.0,0.7857142857142857,5.0,4.0,1,1,11,14,0
27,20210501,4,1,6,3.0,2.0,0.7333333333333333,5.0,5.0,0,-1,11,15,0
28,20210502,4,1,6,12.0,13.0,0.8,5.0,5.0,0,1,12,15,0
29,20210504,4,0,13,7.0,1.0,0.75,5.0,5.0,0,-1,12,16,1
30,20210504,4,0,13,4.0,3.0,0.8125,3.0,3.5,1,1,13,16,1
31,20210505,4,0,13,6.0,5.0,0.875,3.0,3.5,1,2,14,16,0
32,20210507,4,0,21,3.0,2.0,0.9375,3.0,3.0,0,3,15,16,0
33,20210508,4,0,21,3.0,2.0,1.0,3.0,2.5,0,4,16,16,0
34,20210509,4,0,21,5.0,6.0,1.0625,3.0,2.5,0,5,17,16,0
35,20210511,4,1,7,2.0,3.0,1.0,3.0,3.5,1,-1,17,17,0
36,20210512,4,1,7,1.0,2.0,0.9444444444444444,3.0,4.5,0,-2,17,18,0
37,20210514,4,1,9,4.0,2.0,0.8947368421052632,4.0,4.5,1,-3,17,19,0
38,20210515,4,1,9,8.0,9.0,0.9473684210526315,3.0,4.0,0,1,18,19,0
39,20210516,4,1,9,5.0,1.0,0.9,4.0,4.0,0,-1,18,20,0
40,20210517,4,0,29,7.0,3.0,0.95,4.0,3.0,1,1,19,20,0
41,20210518,4,0,29,6.0,3.0,1.0,3.0,2.5,1,2,20,20,0
42,20210519,4,0,29,3.0,4.0,1.05,2.0,2.5,1,3,21,20,0
43,20210520,4,0,29,5.0,2.0,1.0,2.0,3.5,0,-1,21,21,0
44,20210521,4,1,25,12.0,3.0,1.0476190476190477,2.0,3.0,1,1,22,21,0
45,20210522,4,1,25,1.0,2.0,1.0952380952380953,2.0,2.0,1,2,23,21,0
46,20210523,4,1,25,2.0,1.0,1.0454545454545454,2.0,3.0,1,-1,23,22,0
47,20210525,4,1,21,4.0,3.0,1.0909090909090908,2.0,2.0,1,1,24,22,0
48,20210526,4,1,21,4.0,1.0,1.1363636363636365,2.0,0.5,1,2,25,22,0
49,20210527,4,1,21,5.0,3.0,1.1818181818181819,2.0,0.5,0,3,26,22,0
50,20210528,4,0,6,1.0,0.0,1.2272727272727273,2.0,0.5,0,4,27,22,0
51,20210529,4,0,6,10.0,2.0,1.2727272727272727,2.0,0.5,0,5,28,22,0
52,20210530,4,0,6,1.0,5.0,1.3181818181818181,2.0,0.5,0,6,29,22,0
53,20210531,4,0,22,7.0,2.0,1.2608695652173914,2.0,0.5,0,-1,29,23,0
54,20210601,4,0,22,4.0,3.0,1.3043478260869565,1.0,-0.5,1,1,30,23,0
55,20210602,4,0,22,6.0,1.0,1.3478260869565217,1.0,-0.5,0,2,31,23,0
56,20210603,4,1,24,2.0,7.0,1.391304347826087,1.0,-1.5,1,3,32,23,0
57,20210604,4,1,24,5.0,8.0,1.3333333333333333,1.0,-1.5,1,-1,32,24,0
58,20210605,4,1,24,3.0,4.0,1.28,1.0,-1.0,0,-2,32,25,0
59,20210606,4,1,24,4.0,3.0,1.2307692307692308,1.0,0,0,-3,32,26,0
60,20210607,4,1,22,4.0,9.0,1.2692307692307692,1.0,0,1,1,33,26,0
61,20210608,4,1,22,7.0,1.0,1.2222222222222223,2.0,0.5,1,-1,33,27,0
62,20210609,4,1,22,3.0,1.0,1.2592592592592593,2.0,0.5,0,1,34,27,0
63,20210611,4,0,25,8.0,5.0,1.2962962962962963,1.0,-0.5,0,2,35,27,0
64,20210612,4,0,25,7.0,2.0,1.3333333333333333,1.0,0,1,3,36,27,0
65,20210613,4,0,25,2.0,0.0,1.3703703703703705,1.0,0,1,4,37,27,0
66,20210614,4,1,17,2.0,5.0,1.4074074074074074,1.0,0,1,5,38,27,0
67,20210615,4,1,17,2.0,3.0,1.3571428571428572,1.0,0,1,-1,38,28,0
68,20210616,4,1,17,3.0,6.0,1.3103448275862069,1.0,0,1,-2,38,29,0
69,20210617,4,1,17,2.0,0.0,1.2666666666666666,1.0,0,1,-3,38,30,0
70,20210618,4,0,14,2.0,10.0,1.3,1.0,-1.0,1,1,39,30,0
71,20210619,4,0,14,1.0,11.0,1.2580645161290323,1.0,-1.0,0,-1,39,31,0
72,20210620,4,0,14,2.0,0.0,1.21875,1.0,0,0,-2,39,32,0
73,20210621,4,0,7,0.0,4.0,1.25,1.0,0,1,1,40,32,0
74,20210622,4,0,7,7.0,1.0,1.2121212121212122,1.0,0,1,-1,40,33,0
75,20210624,4,1,13,4.0,0.0,1.2424242424242424,1.0,0,1,1,41,33,0
76,20210625,4,1,13,2.0,6.0,1.2727272727272727,1.0,0,1,2,42,33,0
77,20210626,4,1,13,2.0,3.0,1.2352941176470589,2.0,1.0,0,-1,42,34,0
78,20210627,4,1,13,1.0,7.0,1.2,2.0,2.0,0,-2,42,35,0
79,20210628,4,1,15,4.0,14.0,1.1666666666666667,2.0,3.0,1,-3,42,36,0
80,20210629,4,1,15,1.0,2.0,1.135135135135135,2.0,4.0,1,-4,42,37,0
81,20210630,4,1,15,7.0,15.0,1.105263157894737,2.0,5.0,0,-5,42,38,0
82,20210702,4,1,6,1.0,2.0,1.0769230769230769,2.0,6.0,1,-6,42,39,0
83,20210703,4,1,6,2.0,3.0,1.05,2.0,7.5,0,-7,42,40,0
84,20210704,4,1,6,2.0,3.0,1.024390243902439,3.0,8.5,0,-8,42,41,0
85,20210705,4,0,20,3.0,13.0,1.0,3.0,8.5,1,-9,42,42,0
86,20210706,4,0,20,10.0,15.0,0.9767441860465116,3.0,8.5,1,-10,42,43,0
87,20210707,4,0,20,8.0,3.0,0.9545454545454546,4.0,9.0,1,-11,42,44,0
88,20210708,4,0,20,0.0,8.0,0.9772727272727273,3.0,8.5,1,1,43,44,0
89,20210709,4,0,25,10.0,5.0,0.9555555555555556,3.0,9.5,0,-1,43,45,0
90,20210710,4,0,25,0.0,6.0,0.9777777777777777,3.0,8.5,1,1,44,45,0
91,20210716,4,1,0,5.0,1.0,0.9565217391304348,3.0,8.5,1,-1,44,46,0
92,20210717,4,1,0,4.0,2.0,0.9782608695652174,3.0,8.0,0,1,45,46,0
93,20210718,4,1,0,4.0,6.0,1.0,3.0,8.0,0,2,46,46,0
94,20210719,4,1,25,3.0,8.0,0.9787234042553191,3.0,9.0,1,-1,46,47,0
95,20210720,4,1,25,7.0,6.0,0.9583333333333334,4.0,9.5,1,-2,46,48,0
96,20210721,4,1,25,2.0,3.0,0.9791666666666666,3.0,8.5,1,1,47,48,0
97,20210722,4,1,25,2.0,3.0,0.9591836734693877,4.0,8.5,1,-1,47,49,0
98,20210723,4,0,0,8.0,3.0,0.94,4.0,9.0,0,-2,47,50,0
99,20210724,4,0,0,3.0,7.0,0.96,4.0,9.0,0,1,48,50,0
100,20210725,4,0,0,5.0,1.0,0.9411764705882353,4.0,10.0,0,-1,48,51,0
101,20210726,4,0,6,6.0,5.0,0.9607843137254902,4.0,9.0,1,1,49,51,0
102,20210727,4,0,6,4.0,7.0,0.9803921568627451,4.0,8.5,1,2,50,51,0
103,20210728,4,0,6,2.0,8.0,0.9615384615384616,4.0,9.5,1,-1,50,52,0
104,20210729,4,0,6,4.0,7.0,0.9433962264150944,4.0,10.5,0,-2,50,53,0
105,20210730,4,1,29,3.0,4.0,0.9259259259259259,4.0,11.5,1,-3,50,54,0
106,20210731,4,1,29,6.0,3.0,0.9090909090909091,4.0,12.5,1,-4,50,55,0
107,20210801,4,1,29,5.0,6.0,0.9272727272727272,4.0,11.5,0,1,51,55,0
108,20210803,4,1,8,6.0,13.0,0.9107142857142857,4.0,12.5,1,-1,51,56,0
109,20210804,4,1,8,3.0,2.0,0.8947368421052632,4.0,13.0,1,-2,51,57,0
110,20210805,4,1,8,5.0,6.0,0.9122807017543859,4.0,13.0,0,1,52,57,0
111,20210806,4,0,5,6.0,8.0,0.896551724137931,4.0,13.5,0,-1,52,58,0
112,20210807,4,0,5,0.0,4.0,0.8813559322033898,4.0,14.5,0,-2,52,59,0
113,20210808,4,0,5,3.0,9.0,0.8666666666666667,4.0,14.5,1,-3,52,60,0
114,20210810,4,0,15,2.0,4.0,0.8524590163934426,4.0,14.5,0,-4,52,61,1
115,20210810,4,0,15,3.0,6.0,0.8387096774193549,4.0,16.5,1,-5,52,62,1
116,20210811,4,0,15,0.0,10.0,0.8253968253968254,4.0,16.5,1,-6,52,63,0
117,20210812,4,0,15,4.0,17.0,0.8125,4.0,17.5,0,-7,52,64,0
118,20210813,4,1,14,10.0,14.0,0.8,4.0,18.5,1,-8,52,65,0
119,20210814,4,1,14,4.0,5.0,0.7878787878787878,4.0,19.0,1,-9,52,66,0
120,20210815,4,1,14,1.0,4.0,0.7761194029850746,4.0,19.5,0,-10,52,67,0
121,20210816,4,1,6,5.0,14.0,0.7647058823529411,4.0,20.5,1,-11,52,68,0
122,20210817,4,1,6,2.0,1.0,0.7536231884057971,4.0,21.0,1,-12,52,69,0
123,20210818,4,1,6,7.0,1.0,0.7681159420289855,4.0,21.0,0,1,53,69,0
124,20210820,4,0,11,2.0,6.0,0.782608695652174,4.0,21.0,0,2,54,69,0
125,20210821,4,0,11,2.0,4.0,0.7714285714285715,4.0,20.5,0,-1,54,70,0
126,20210822,4,0,11,1.0,9.0,0.7605633802816901,4.0,21.5,0,-2,54,71,0
127,20210823,4,0,8,6.0,4.0,0.75,4.0,22.5,1,-3,54,72,0
128,20210825,4,0,8,5.0,2.0,0.7638888888888888,4.0,22.0,0,1,55,72,1
129,20210825,4,0,8,10.0,13.0,0.7777777777777778,4.0,23.0,1,2,56,72,1
130,20210827,4,1,5,13.0,17.0,0.7671232876712328,4.0,23.0,1,-1,56,73,0
131,20210828,4,1,5,7.0,0.0,0.7567567567567568,4.0,22.5,1,-2,56,74,0
132,20210829,4,1,5,1.0,13.0,0.7702702702702703,4.0,21.5,0,1,57,74,0
133,20210831,4,1,16,3.0,1.0,0.76,4.0,22.5,1,-1,57,75,0
134,20210901,4,1,16,3.0,0.0,0.7733333333333333,4.0,23.0,1,1,58,75,0
135,20210902,4,0,21,6.0,5.0,0.7866666666666666,4.0,23.0,1,2,59,75,0
136,20210903,4,0,21,6.0,5.0,0.8,4.0,22.0,0,3,60,75,0
137,20210904,4,0,21,7.0,6.0,0.8133333333333334,4.0,21.0,0,4,61,75,0
138,20210905,4,0,21,11.0,8.0,0.8266666666666667,4.0,21.0,0,5,62,75,0
139,20210906,4,0,6,4.0,3.0,0.84,4.0,21.0,0,6,63,75,0
140,20210907,4,0,6,3.0,4.0,0.8533333333333334,4.0,20.0,1,7,64,75,0
141,20210908,4,0,6,4.0,1.0,0.8421052631578947,4.0,21.0,1,-1,64,76,0
142,20210910,4,0,24,1.0,6.0,0.8552631578947368,4.0,21.0,0,1,65,76,0
143,20210911,4,0,24,4.0,15.0,0.8441558441558441,4.0,22.0,0,-1,65,77,0
144,20210912,4,0,24,5.0,6.0,0.8333333333333334,4.0,23.0,0,-2,65,78,0
145,20210914,4,1,20,6.0,3.0,0.8227848101265823,4.0,24.0,1,-3,65,79,0
146,20210915,4,1,20,5.0,6.0,0.8354430379746836,4.0,23.0,1,1,66,79,0
147,20210916,4,1,20,8.0,17.0,0.825,4.0,23.0,1,-1,66,80,0
148,20210917,4,1,15,5.0,8.0,0.8148148148148148,4.0,23.5,1,-2,66,81,0
149,20210918,4,1,15,4.0,6.0,0.8048780487804879,4.0,24.5,1,-3,66,82,0
150,20210919,4,1,15,6.0,4.0,0.7951807228915663,4.0,25.5,0,-4,66,83,0
151,20210921,4,0,16,5.0,9.0,0.8072289156626506,4.0,24.5,1,1,67,83,0
152,20210922,4,0,16,4.0,5.0,0.7976190476190477,4.0,24.0,1,-1,67,84,0
153,20210924,4,0,25,5.0,8.0,0.788235294117647,4.0,24.0,0,-2,67,85,1
154,20210924,4,0,25,4.0,12.0,0.7790697674418605,4.0,25.0,1,-3,67,86,1
155,20210925,4,0,25,5.0,8.0,0.7701149425287356,4.0,25.0,0,-4,67,87,0
156,20210926,4,0,25,2.0,4.0,0.7613636363636364,4.0,26.0,0,-5,67,88,0
157,20210928,4,1,21,6.0,8.0,0.7528089887640449,4.0,27.0,1,-6,67,89,0
158,20210929,4,1,21,3.0,2.0,0.7444444444444445,4.0,27.0,1,-7,67,90,0
159,20210930,4,1,21,9.0,0.0,0.7555555555555555,4.0,27.0,1,1,68,90,0
160,20211001,4,1,25,3.0,4.0,0.7666666666666667,4.0,26.0,1,2,69,90,0
161,20211002,4,1,25,6.0,5.0,0.7582417582417582,4.0,26.0,1,-1,69,91,0
162,20211003,4,1,25,3.0,2.0,0.7692307692307693,4.0,25.0,0,1,70,91,0
